DurationMonth,CreditAmount,score,age35,query_id,doc_id
0.470588235,0.568834599,1.0,0.0,1,1.0
0.33823529399999996,0.8793881370000001,0.999,0.0,1,2.0
0.20588235300000002,0.7955320790000001,0.998,1.0,1,3.0
0.117647059,0.8147353359999999,0.997,1.0,1,4.0
0.20588235300000002,0.722020469,0.996,0.0,1,5.0
0.8235294120000001,0.637614174,0.995,0.0,1,6.0
0.117647059,0.962583911,0.994,0.0,1,7.0
0.647058824,0.76037196,0.993,1.0,1,8.0
0.33823529399999996,0.7281831190000001,0.992,0.0,1,9.0
0.235294118,0.778694839,0.991,1.0,1,10.0
0.029411765,0.966435567,0.99,0.0,1,11.0
0.073529412,0.950258611,0.989,0.0,1,12.0
0.294117647,0.814515242,0.988,1.0,1,17.0
0.382352941,0.595796192,0.987,0.0,1,13.0
0.161764706,0.813304721,0.986,1.0,1,24.0
0.8235294120000001,0.443380654,0.985,0.0,1,14.0
0.382352941,0.849180147,0.984,1.0,1,28.0
0.029411765,0.9398591390000001,0.983,0.0,1,15.0
0.117647059,0.861945637,0.982,1.0,1,29.0
0.25,0.833553428,0.981,0.0,1,16.0
0.382352941,0.67332453,0.98,1.0,1,31.0
0.117647059,0.862550897,0.979,0.0,1,18.0
0.029411765,0.940959613,0.978,1.0,1,33.0
0.294117647,0.66055904,0.977,0.0,1,19.0
0.602941176,0.363596346,0.976,1.0,1,35.0
0.294117647,0.9460217890000001,0.975,0.0,1,20.0
0.470588235,0.8913282709999999,0.974,0.0,1,21.0
0.073529412,0.941509849,0.973,1.0,1,43.0
0.382352941,0.429239573,0.972,0.0,1,22.0
0.294117647,0.7876086720000001,0.971,1.0,1,51.0
0.33823529399999996,0.55606911,0.97,0.0,1,23.0
0.470588235,0.649829427,0.969,1.0,1,52.0
0.117647059,0.9743039509999999,0.968,0.0,1,25.0
0.647058824,0.845383515,0.967,1.0,1,53.0
0.20588235300000002,0.658413118,0.966,0.0,1,26.0
0.294117647,0.859029383,0.965,1.0,1,56.0
0.8235294120000001,0.20039617,0.964,0.0,1,27.0
0.073529412,0.9311654009999999,0.963,1.0,1,60.0
0.647058824,0.665401122,0.962,0.0,1,30.0
0.426470588,0.7781996259999999,0.961,1.0,1,61.0
0.117647059,0.937107956,0.96,0.0,1,32.0
0.294117647,0.907285133,0.959,1.0,1,62.0
0.058823529000000006,0.949708375,0.958,0.0,1,34.0
0.647058824,0.615494663,0.957,1.0,1,71.0
0.8235294120000001,0.256850446,0.956,0.0,1,36.0
0.161764706,0.8284362279999999,0.955,1.0,1,78.0
0.25,0.948387807,0.954,0.0,1,37.0
0.33823529399999996,0.685539782,0.953,1.0,1,79.0
0.20588235300000002,0.82546495,0.952,0.0,1,38.0
0.8235294120000001,0.455595906,0.951,1.0,1,89.0
0.382352941,0.8937493120000001,0.95,0.0,1,39.0
0.294117647,0.8147353359999999,0.949,1.0,1,91.0
0.117647059,0.907285133,0.948,0.0,1,40.0
0.470588235,0.862660944,0.947,1.0,1,102.0
0.294117647,0.9743039509999999,0.946,0.0,1,41.0
0.20588235300000002,0.95565093,0.945,1.0,1,103.0
0.470588235,0.71151095,0.944,0.0,1,42.0
0.235294118,0.675470452,0.943,1.0,1,105.0
0.470588235,0.834984043,0.942,0.0,1,44.0
0.088235294,0.9460217890000001,0.941,1.0,1,106.0
0.647058824,0.8623858259999999,0.94,0.0,1,45.0
0.20588235300000002,0.907230109,0.939,1.0,1,108.0
0.382352941,0.874986244,0.938,0.0,1,46.0
0.20588235300000002,0.9791460329999999,0.937,1.0,1,116.0
0.117647059,0.885495763,0.936,0.0,1,47.0
0.8235294120000001,0.152470562,0.935,1.0,1,117.0
0.470588235,0.906294707,0.934,0.0,1,48.0
0.20588235300000002,0.679762298,0.933,1.0,1,122.0
0.20588235300000002,0.835259161,0.932,1.0,1,128.0
0.470588235,0.904974139,0.931,0.0,1,49.0
0.558823529,0.619456366,0.93,1.0,1,137.0
0.117647059,0.9226917570000001,0.929,0.0,1,50.0
0.25,0.738472543,0.928,1.0,1,145.0
0.470588235,0.43727302700000004,0.927,0.0,1,54.0
0.33823529399999996,0.732199846,0.926,1.0,1,146.0
0.294117647,0.9429404640000001,0.925,0.0,1,55.0
0.294117647,0.934411797,0.924,1.0,1,151.0
0.25,0.982337405,0.923,0.0,1,57.0
0.294117647,0.586882359,0.922,1.0,1,154.0
0.470588235,0.802740178,0.921,0.0,1,58.0
0.029411765,0.9340266309999999,0.92,1.0,1,155.0
0.294117647,0.92588313,0.919,0.0,1,59.0
0.294117647,0.905524375,0.918,1.0,1,157.0
0.294117647,0.780400572,0.917,0.0,1,63.0
0.25,0.815725762,0.916,1.0,1,162.0
0.647058824,0.675745571,0.915,0.0,1,64.0
0.029411765,0.9060746120000001,0.914,1.0,1,167.0
0.382352941,0.814460218,0.913,0.0,1,65.0
0.161764706,0.893474194,0.912,1.0,1,168.0
0.294117647,0.901947838,0.911,0.0,1,66.0
0.25,0.9256080109999999,0.91,1.0,1,170.0
0.8235294120000001,0.612248267,0.909,0.0,1,67.0
0.294117647,0.7952019370000001,0.908,1.0,1,172.0
0.294117647,0.891438318,0.907,0.0,1,68.0
0.073529412,0.954220315,0.906,1.0,1,181.0
0.470588235,0.963739408,0.905,0.0,1,69.0
0.25,0.812809508,0.904,1.0,1,186.0
0.073529412,0.9428854409999999,0.903,0.0,1,70.0
0.294117647,0.844888302,0.902,1.0,1,193.0
0.294117647,0.880378563,0.901,0.0,1,72.0
0.161764706,0.961483438,0.9,1.0,1,196.0
0.117647059,0.92978981,0.899,0.0,1,73.0
0.161764706,0.868988665,0.898,1.0,1,199.0
0.294117647,0.710740618,0.897,0.0,1,74.0
0.161764706,0.86590734,0.896,1.0,1,201.0
0.117647059,0.907340156,0.895,1.0,1,204.0
0.382352941,0.9087707709999999,0.894,0.0,1,75.0
0.294117647,0.8139099809999999,0.893,1.0,1,206.0
0.20588235300000002,0.914988445,0.892,0.0,1,76.0
0.20588235300000002,0.9015626720000001,0.891,1.0,1,207.0
0.088235294,0.9455265759999999,0.89,0.0,1,77.0
0.470588235,0.8859359520000001,0.889,1.0,1,208.0
0.161764706,0.7361615490000001,0.888,0.0,1,80.0
0.161764706,0.86034995,0.887,1.0,1,209.0
0.470588235,0.591284252,0.886,0.0,1,81.0
0.117647059,0.977880489,0.885,1.0,1,216.0
0.294117647,0.851050952,0.884,0.0,1,82.0
0.514705882,0.742324199,0.883,1.0,1,221.0
0.470588235,0.666886761,0.882,0.0,1,83.0
0.382352941,0.749037086,0.881,1.0,1,222.0
0.25,0.884285243,0.88,0.0,1,84.0
0.647058824,0.7333553429999999,0.879,1.0,1,223.0
0.20588235300000002,0.926708485,0.878,0.0,1,85.0
0.470588235,0.694618686,0.877,1.0,1,227.0
0.161764706,0.720809948,0.876,0.0,1,86.0
0.117647059,0.961428414,0.875,1.0,1,228.0
0.176470588,0.8693188070000001,0.874,0.0,1,87.0
0.470588235,0.8562781999999999,0.873,1.0,1,229.0
0.294117647,0.9477825459999999,0.872,0.0,1,88.0
0.117647059,0.95895235,0.871,1.0,1,230.0
0.294117647,0.734015627,0.87,0.0,1,90.0
0.647058824,0.6775613509999999,0.869,1.0,1,231.0
0.647058824,0.802244965,0.868,1.0,1,232.0
0.647058824,0.5866072410000001,0.867,0.0,1,92.0
0.470588235,0.47138769700000005,0.866,1.0,1,233.0
0.073529412,0.9517992740000001,0.865,0.0,1,93.0
0.647058824,0.410641576,0.864,1.0,1,239.0
0.470588235,0.88725652,0.863,0.0,1,94.0
0.25,0.926213272,0.862,1.0,1,242.0
0.470588235,0.885165621,0.861,0.0,1,95.0
0.294117647,0.37768240299999994,0.86,1.0,1,244.0
0.117647059,0.9850335640000001,0.859,0.0,1,96.0
0.382352941,0.664355673,0.858,1.0,1,245.0
0.117647059,0.935402223,0.857,0.0,1,97.0
0.117647059,0.967481017,0.856,1.0,1,248.0
0.647058824,0.447177286,0.855,0.0,1,98.0
0.382352941,0.8244195,0.854,1.0,1,249.0
0.161764706,0.932430945,0.853,0.0,1,99.0
1.0,0.705898536,0.852,1.0,1,250.0
0.161764706,0.929184549,0.851,0.0,1,100.0
0.294117647,0.8218333879999999,0.85,1.0,1,252.0
0.117647059,0.972268075,0.849,0.0,1,101.0
0.029411765,0.918014746,0.848,1.0,1,253.0
0.117647059,0.9600528229999999,0.847,0.0,1,104.0
0.294117647,0.818311874,0.846,1.0,1,254.0
0.647058824,0.628645317,0.845,1.0,1,255.0
0.161764706,0.9131176409999999,0.844,0.0,1,107.0
0.073529412,0.9512490370000001,0.843,1.0,1,256.0
0.647058824,0.590899087,0.842,0.0,1,109.0
0.294117647,0.730384065,0.841,1.0,1,257.0
0.294117647,0.9436007479999999,0.84,0.0,1,110.0
0.382352941,0.764498734,0.839,1.0,1,260.0
0.382352941,0.812589413,0.838,0.0,1,111.0
0.073529412,0.9473973809999999,0.837,1.0,1,261.0
0.294117647,0.857763838,0.836,0.0,1,112.0
0.20588235300000002,0.934411797,0.835,1.0,1,263.0
0.647058824,0.671288654,0.834,0.0,1,113.0
0.602941176,0.912237262,0.833,1.0,1,264.0
0.294117647,0.855727963,0.832,0.0,1,114.0
0.382352941,0.881368989,0.831,1.0,1,265.0
0.294117647,0.85462749,0.83,0.0,1,115.0
0.294117647,0.885825905,0.829,1.0,1,266.0
0.088235294,0.9707824359999999,0.828,0.0,1,118.0
0.294117647,0.958787279,0.827,1.0,1,268.0
0.558823529,0.749862441,0.826,0.0,1,119.0
0.470588235,0.697810058,0.825,1.0,1,269.0
0.294117647,0.8719049190000001,0.824,1.0,1,270.0
0.20588235300000002,0.600473203,0.823,0.0,1,120.0
0.102941176,0.895895235,0.822,1.0,1,271.0
0.029411765,0.939694068,0.821,0.0,1,121.0
0.558823529,0.77330252,0.82,1.0,1,272.0
0.264705882,0.8665676240000001,0.819,0.0,1,123.0
0.294117647,0.8705293279999999,0.818,1.0,1,273.0
0.117647059,0.9281941229999999,0.817,0.0,1,124.0
0.470588235,0.7686805329999999,0.816,1.0,1,277.0
0.382352941,0.9110267409999999,0.815,0.0,1,125.0
0.294117647,0.943050512,0.814,1.0,1,278.0
0.294117647,0.874105866,0.813,0.0,1,126.0
0.25,0.8606800920000001,0.812,1.0,1,279.0
0.147058824,0.519753494,0.811,0.0,1,127.0
0.029411765,0.9549906459999999,0.81,1.0,1,280.0
0.470588235,0.8192472759999999,0.809,0.0,1,129.0
0.647058824,0.37603169399999997,0.808,1.0,1,282.0
0.294117647,0.866842742,0.807,0.0,1,130.0
0.117647059,0.861780566,0.806,1.0,1,283.0
0.117647059,0.7472763290000001,0.805,0.0,1,131.0
0.8235294120000001,0.654616485,0.804,1.0,1,284.0
0.294117647,0.8489050290000001,0.803,1.0,1,286.0
0.117647059,0.830472103,0.802,0.0,1,132.0
0.352941176,0.862826015,0.801,1.0,1,296.0
0.029411765,0.995157918,0.8,0.0,1,133.0
0.029411765,0.9774402990000001,0.799,1.0,1,297.0
0.117647059,0.9443160559999999,0.798,0.0,1,134.0
0.161764706,0.927423792,0.797,1.0,1,298.0
0.294117647,0.761142291,0.796,0.0,1,135.0
0.264705882,0.9431605590000001,0.795,1.0,1,300.0
0.073529412,0.731539562,0.794,0.0,1,136.0
0.029411765,0.928249147,0.793,1.0,1,301.0
0.058823529000000006,0.826785518,0.792,0.0,1,138.0
0.161764706,0.960107846,0.791,1.0,1,304.0
0.029411765,0.975239353,0.79,0.0,1,139.0
0.470588235,0.48393309100000004,0.789,1.0,1,305.0
0.25,0.877517332,0.788,0.0,1,140.0
0.602941176,0.8469792009999999,0.787,1.0,1,306.0
0.294117647,0.666391548,0.786,0.0,1,141.0
0.470588235,0.895730164,0.785,1.0,1,308.0
0.470588235,0.768625509,0.784,1.0,1,309.0
0.294117647,0.7913502809999999,0.783,0.0,1,142.0
0.647058824,0.5467701110000001,0.782,1.0,1,310.0
0.073529412,0.802905249,0.781,0.0,1,143.0
0.294117647,0.8123693190000001,0.78,1.0,1,312.0
0.470588235,0.692307692,0.779,0.0,1,144.0
0.117647059,0.9035985470000001,0.778,1.0,1,313.0
0.117647059,0.992571806,0.777,0.0,1,147.0
0.235294118,0.869098712,0.776,1.0,1,314.0
0.382352941,0.847749532,0.775,0.0,1,148.0
0.161764706,0.93655772,0.774,1.0,1,317.0
0.029411765,0.949433256,0.773,0.0,1,149.0
0.470588235,0.621602289,0.772,1.0,1,321.0
0.161764706,0.941784968,0.771,0.0,1,150.0
0.294117647,0.87823264,0.77,1.0,1,322.0
0.558823529,0.580059426,0.769,0.0,1,152.0
0.294117647,0.8357543740000001,0.768,1.0,1,323.0
0.294117647,0.925552988,0.767,0.0,1,153.0
0.294117647,0.904423902,0.766,1.0,1,326.0
0.294117647,0.902167932,0.765,1.0,1,327.0
0.294117647,0.907010014,0.764,0.0,1,156.0
0.20588235300000002,0.9058545170000001,0.763,1.0,1,328.0
0.294117647,0.8205128209999999,0.762,0.0,1,158.0
0.294117647,0.858314075,0.761,1.0,1,329.0
0.161764706,0.908935842,0.76,0.0,1,159.0
0.20588235300000002,0.861065258,0.759,1.0,1,330.0
0.647058824,0.7974579070000001,0.758,0.0,1,160.0
0.647058824,0.75030263,0.757,1.0,1,331.0
0.470588235,0.555133707,0.756,0.0,1,161.0
0.117647059,0.943215583,0.755,1.0,1,333.0
0.20588235300000002,0.815010454,0.754,0.0,1,163.0
0.294117647,0.849895455,0.753,1.0,1,334.0
0.117647059,0.9447012220000001,0.752,0.0,1,164.0
0.382352941,0.8853857159999999,0.751,1.0,1,335.0
0.294117647,0.8928689340000001,0.75,0.0,1,165.0
0.294117647,0.8452734679999999,0.749,1.0,1,338.0
0.647058824,0.622042478,0.748,0.0,1,166.0
0.294117647,0.928304171,0.747,1.0,1,340.0
0.514705882,0.872400132,0.746,1.0,1,341.0
0.044117647,0.9672058990000001,0.745,0.0,1,169.0
0.161764706,0.891548366,0.744,1.0,1,342.0
0.117647059,0.890172774,0.743,0.0,1,171.0
0.161764706,0.8857708809999999,0.742,1.0,1,345.0
0.20588235300000002,0.9651149990000001,0.741,0.0,1,173.0
0.294117647,0.748706944,0.74,1.0,1,348.0
0.470588235,0.8645317490000001,0.739,0.0,1,174.0
0.514705882,0.233575437,0.738,1.0,1,349.0
0.294117647,0.870089138,0.737,0.0,1,175.0
0.426470588,0.8616705179999999,0.736,1.0,1,350.0
0.647058824,0.845878728,0.735,0.0,1,176.0
0.20588235300000002,0.9102013870000001,0.734,1.0,1,351.0
0.073529412,0.875811599,0.733,0.0,1,177.0
0.20588235300000002,0.909926268,0.732,1.0,1,353.0
0.058823529000000006,0.973533619,0.731,0.0,1,178.0
0.470588235,0.887091449,0.73,1.0,1,358.0
0.20588235300000002,0.8968856609999999,0.729,1.0,1,360.0
0.294117647,0.8618906129999999,0.728,0.0,1,179.0
0.470588235,0.882029273,0.727,1.0,1,361.0
0.029411765,0.91746451,0.726,0.0,1,180.0
0.20588235300000002,0.769505888,0.725,1.0,1,362.0
0.117647059,0.910091339,0.724,0.0,1,182.0
0.117647059,0.9815670740000001,0.723,1.0,1,363.0
0.117647059,0.8267304940000001,0.722,0.0,1,183.0
0.294117647,0.9286893359999999,0.721,1.0,1,365.0
0.235294118,0.625453945,0.72,0.0,1,184.0
0.470588235,0.496643557,0.719,1.0,1,369.0
0.073529412,0.9477825459999999,0.718,0.0,1,185.0
0.073529412,0.934686915,0.717,1.0,1,371.0
0.117647059,0.6945636620000001,0.716,0.0,1,187.0
0.647058824,0.776713987,0.715,1.0,1,372.0
0.294117647,0.850665786,0.714,0.0,1,188.0
0.161764706,0.838450534,0.713,1.0,1,377.0
0.294117647,0.912677451,0.712,1.0,1,379.0
0.073529412,0.945306482,0.711,0.0,1,189.0
0.117647059,0.9641245740000001,0.71,1.0,1,380.0
0.382352941,0.844448113,0.709,0.0,1,190.0
0.117647059,0.962088698,0.708,1.0,1,381.0
0.294117647,0.6372840320000001,0.707,0.0,1,191.0
0.470588235,0.8585891929999999,0.706,1.0,1,382.0
0.117647059,0.896390448,0.705,0.0,1,192.0
0.294117647,0.9091559370000001,0.704,1.0,1,383.0
0.20588235300000002,0.848629911,0.703,0.0,1,194.0
0.117647059,0.918234841,0.702,1.0,1,384.0
0.117647059,0.9289094309999999,0.701,0.0,1,195.0
0.294117647,0.697755035,0.7,1.0,1,386.0
0.029411765,0.962473864,0.699,0.0,1,197.0
0.117647059,0.953064818,0.698,1.0,1,390.0
0.647058824,0.5939804120000001,0.697,0.0,1,198.0
0.117647059,0.9527896999999999,0.696,1.0,1,391.0
0.20588235300000002,0.860845163,0.695,1.0,1,392.0
0.117647059,0.8274458020000001,0.694,0.0,1,200.0
0.558823529,0.619016177,0.693,1.0,1,399.0
0.117647059,0.9502035879999999,0.692,0.0,1,202.0
0.117647059,0.976064708,0.691,1.0,1,401.0
0.382352941,0.6427863979999999,0.69,0.0,1,203.0
0.20588235300000002,0.842412237,0.689,1.0,1,404.0
0.294117647,0.939033785,0.688,0.0,1,205.0
0.8235294120000001,0.509904259,0.687,1.0,1,411.0
0.161764706,0.942225157,0.686,0.0,1,210.0
0.161764706,0.9609332009999999,0.685,1.0,1,413.0
0.073529412,0.8622757790000001,0.684,0.0,1,211.0
0.470588235,0.815945857,0.683,1.0,1,414.0
0.294117647,0.932926158,0.682,0.0,1,212.0
0.294117647,0.825024761,0.681,1.0,1,415.0
0.294117647,0.8070320240000001,0.68,0.0,1,213.0
0.382352941,0.7782546490000001,0.679,1.0,1,417.0
0.382352941,0.56960493,0.678,1.0,1,418.0
0.558823529,0.7913502809999999,0.677,0.0,1,214.0
0.25,0.8627159679999999,0.676,1.0,1,420.0
0.117647059,0.979751293,0.675,0.0,1,215.0
0.470588235,0.888687135,0.674,1.0,1,422.0
0.117647059,0.975734566,0.673,0.0,1,217.0
0.117647059,0.944536151,0.672,1.0,1,426.0
0.294117647,0.881864202,0.671,0.0,1,218.0
0.073529412,0.945746671,0.67,1.0,1,427.0
0.161764706,0.9301199520000001,0.669,0.0,1,219.0
0.20588235300000002,0.812919555,0.668,1.0,1,428.0
0.029411765,0.81148894,0.667,0.0,1,220.0
0.294117647,0.963409266,0.666,1.0,1,432.0
0.117647059,0.969516892,0.665,0.0,1,224.0
0.294117647,0.9481126879999999,0.664,1.0,1,439.0
0.294117647,0.917189391,0.663,0.0,1,225.0
0.470588235,0.7676350829999999,0.662,1.0,1,441.0
0.294117647,0.941619897,0.661,1.0,1,444.0
0.147058824,0.9361725540000001,0.66,0.0,1,226.0
0.088235294,0.89567514,0.659,1.0,1,445.0
0.117647059,0.9464619790000001,0.658,0.0,1,234.0
0.294117647,0.938318477,0.657,1.0,1,446.0
0.088235294,0.9737537140000001,0.656,0.0,1,235.0
0.382352941,0.76158248,0.655,1.0,1,448.0
0.20588235300000002,0.8542423240000001,0.654,0.0,1,236.0
0.117647059,0.9423902279999999,0.653,1.0,1,449.0
0.117647059,0.941234731,0.652,0.0,1,237.0
0.029411765,0.9465720259999999,0.651,1.0,1,450.0
0.647058824,0.6607241110000001,0.65,0.0,1,238.0
0.25,0.7249917459999999,0.649,1.0,1,451.0
0.25,0.927258721,0.648,0.0,1,240.0
0.294117647,0.929844833,0.647,1.0,1,453.0
0.20588235300000002,0.890007703,0.646,1.0,1,454.0
0.294117647,0.882579509,0.645,0.0,1,241.0
0.647058824,0.652800704,0.644,1.0,1,455.0
0.029411765,0.977110157,0.643,0.0,1,243.0
0.161764706,0.804005722,0.642,1.0,1,456.0
0.029411765,0.641740949,0.641,0.0,1,246.0
0.514705882,0.36667767100000004,0.64,1.0,1,457.0
0.470588235,0.699515792,0.639,0.0,1,247.0
0.647058824,0.8175415429999999,0.638,1.0,1,458.0
0.117647059,0.961043249,0.637,0.0,1,251.0
0.117647059,0.969902058,0.636,1.0,1,460.0
0.029411765,0.9935072079999999,0.635,0.0,1,258.0
0.647058824,0.815175525,0.634,1.0,1,461.0
0.161764706,0.943820843,0.633,0.0,1,259.0
0.294117647,0.91190712,0.632,1.0,1,462.0
0.088235294,0.886376142,0.631,0.0,1,262.0
0.117647059,0.959667657,0.63,1.0,1,464.0
0.647058824,0.596566524,0.629,1.0,1,465.0
0.382352941,0.876031694,0.628,0.0,1,267.0
0.294117647,0.864201607,0.627,1.0,1,466.0
0.088235294,0.907890393,0.626,0.0,1,274.0
0.088235294,0.854132277,0.625,1.0,1,471.0
0.470588235,0.6060856170000001,0.624,0.0,1,275.0
0.25,0.316055904,0.623,1.0,1,473.0
0.8235294120000001,0.66776714,0.622,0.0,1,276.0
0.294117647,0.8074722129999999,0.621,1.0,1,474.0
0.029411765,0.827555849,0.62,0.0,1,281.0
0.470588235,0.755915043,0.619,1.0,1,475.0
0.029411765,0.94783757,0.618,0.0,1,285.0
0.382352941,0.842742379,0.617,1.0,1,476.0
0.294117647,0.927974029,0.616,0.0,1,287.0
0.117647059,0.8128645320000001,0.615,1.0,1,478.0
0.20588235300000002,0.9274788159999999,0.614,1.0,1,479.0
0.117647059,0.936612743,0.613,0.0,1,288.0
0.073529412,0.9340266309999999,0.612,1.0,1,480.0
0.294117647,0.9265434140000001,0.611,0.0,1,289.0
0.294117647,0.8771321670000001,0.61,1.0,1,481.0
0.294117647,0.8009243970000001,0.609,0.0,1,290.0
0.058823529000000006,0.9456916470000001,0.608,1.0,1,482.0
0.073529412,0.8963354240000001,0.607,0.0,1,291.0
0.20588235300000002,0.881479036,0.606,1.0,1,483.0
0.029411765,0.940134258,0.605,0.0,1,292.0
0.073529412,0.8446131840000001,0.604,1.0,1,485.0
0.470588235,0.41537361100000003,0.603,0.0,1,293.0
0.647058824,0.686310113,0.602,1.0,1,486.0
0.117647059,0.97474414,0.601,0.0,1,294.0
0.382352941,0.908165511,0.6,1.0,1,487.0
0.117647059,0.974193903,0.599,0.0,1,295.0
0.20588235300000002,0.949433256,0.598,1.0,1,491.0
0.294117647,0.858149004,0.597,1.0,1,493.0
0.014705882,0.824034335,0.596,0.0,1,299.0
0.073529412,0.95113899,0.595,1.0,1,496.0
0.117647059,0.964894905,0.594,0.0,1,302.0
0.117647059,0.90574447,0.593,1.0,1,497.0
0.294117647,0.74579069,0.592,0.0,1,303.0
0.294117647,0.390447893,0.591,1.0,1,501.0
0.294117647,0.905634423,0.59,0.0,1,307.0
0.470588235,0.912402333,0.589,1.0,1,507.0
0.294117647,0.77434797,0.588,0.0,1,311.0
0.33823529399999996,0.872345108,0.587,1.0,1,509.0
0.102941176,0.7512380320000001,0.586,0.0,1,315.0
0.117647059,0.924617586,0.585,1.0,1,510.0
0.117647059,0.9442060090000001,0.584,0.0,1,316.0
0.117647059,0.756520304,0.583,1.0,1,511.0
0.294117647,0.7860129859999999,0.582,1.0,1,512.0
0.20588235300000002,0.641740949,0.581,0.0,1,318.0
0.382352941,0.778694839,0.58,1.0,1,513.0
0.073529412,0.938703643,0.579,0.0,1,319.0
0.294117647,0.907725322,0.578,1.0,1,514.0
0.294117647,0.884670408,0.577,0.0,1,320.0
0.470588235,0.76818532,0.576,1.0,1,515.0
0.117647059,0.8454385390000001,0.575,0.0,1,324.0
0.470588235,0.8095631120000001,0.574,1.0,1,516.0
0.294117647,0.7853527020000001,0.573,0.0,1,325.0
0.294117647,0.8536370640000001,0.572,1.0,1,520.0
0.029411765,0.990315836,0.571,0.0,1,332.0
0.470588235,0.718223836,0.57,1.0,1,521.0
0.235294118,0.821998459,0.569,0.0,1,336.0
0.470588235,0.798448333,0.568,1.0,1,526.0
0.132352941,0.965225047,0.567,1.0,1,529.0
0.25,0.8904478929999999,0.566,0.0,1,337.0
0.161764706,0.93490701,0.565,1.0,1,530.0
0.117647059,0.938263453,0.564,0.0,1,339.0
0.294117647,0.801199516,0.563,1.0,1,531.0
0.470588235,0.9136678770000001,0.562,0.0,1,343.0
0.161764706,0.932430945,0.561,1.0,1,532.0
0.161764706,0.96962694,0.56,0.0,1,344.0
0.161764706,0.847089248,0.559,1.0,1,533.0
0.25,0.794981842,0.558,0.0,1,346.0
0.470588235,0.8699790909999999,0.557,1.0,1,535.0
0.235294118,0.8920435790000001,0.556,0.0,1,347.0
0.470588235,0.5699900960000001,0.555,1.0,1,539.0
0.117647059,0.956696379,0.554,0.0,1,352.0
0.117647059,0.8792230659999999,0.553,1.0,1,540.0
0.25,0.9127874990000001,0.552,1.0,1,541.0
0.20588235300000002,0.904588973,0.551,0.0,1,354.0
0.382352941,0.696214372,0.55,1.0,1,542.0
0.088235294,0.938703643,0.549,0.0,1,355.0
0.294117647,0.784362276,0.548,1.0,1,543.0
0.161764706,0.947012215,0.547,0.0,1,356.0
0.20588235300000002,0.913612854,0.546,1.0,1,544.0
0.20588235300000002,0.777319247,0.545,0.0,1,357.0
0.20588235300000002,0.8694838779999999,0.544,1.0,1,545.0
0.161764706,0.9443160559999999,0.543,0.0,1,359.0
0.20588235300000002,0.8672829320000001,0.542,1.0,1,548.0
0.029411765,0.19412347300000002,0.541,0.0,1,364.0
0.029411765,0.917849675,0.54,1.0,1,549.0
0.161764706,0.932816111,0.539,0.0,1,366.0
0.088235294,0.896445472,0.538,1.0,1,550.0
0.117647059,0.947727523,0.537,1.0,1,553.0
0.102941176,0.616044899,0.536,0.0,1,367.0
0.294117647,0.937107956,0.535,1.0,1,555.0
0.117647059,0.9762297790000001,0.534,0.0,1,368.0
0.029411765,0.9093210079999999,0.533,1.0,1,556.0
0.294117647,0.7563002090000001,0.532,0.0,1,370.0
0.029411765,0.9871244640000001,0.531,1.0,1,559.0
0.25,0.8398811490000001,0.53,0.0,1,373.0
0.8235294120000001,0.605590404,0.529,1.0,1,561.0
0.470588235,0.8667877190000001,0.528,0.0,1,374.0
0.117647059,0.935402223,0.527,1.0,1,562.0
0.294117647,0.917849675,0.526,0.0,1,375.0
0.20588235300000002,0.929569715,0.525,1.0,1,564.0
0.20588235300000002,0.880213492,0.524,0.0,1,376.0
0.294117647,0.840541433,0.523,1.0,1,565.0
0.470588235,0.574667107,0.522,1.0,1,568.0
0.426470588,0.614669308,0.521,0.0,1,378.0
0.073529412,0.8871464729999999,0.52,1.0,1,569.0
0.20588235300000002,0.870694399,0.519,0.0,1,385.0
0.20588235300000002,0.836964895,0.518,1.0,1,570.0
0.117647059,0.580994828,0.517,0.0,1,387.0
0.470588235,0.48739958200000005,0.516,1.0,1,571.0
0.117647059,0.954220315,0.515,0.0,1,388.0
0.029411765,0.7600418179999999,0.514,1.0,1,572.0
0.117647059,0.9536700779999999,0.513,0.0,1,389.0
0.161764706,0.8755915040000001,0.512,1.0,1,573.0
0.470588235,0.844338065,0.511,0.0,1,393.0
0.470588235,0.5662484870000001,0.51,1.0,1,574.0
0.294117647,0.8528667329999999,0.509,0.0,1,394.0
0.294117647,0.9078353690000001,0.508,1.0,1,575.0
0.073529412,0.960988225,0.507,1.0,1,576.0
0.117647059,0.9455265759999999,0.506,0.0,1,395.0
0.470588235,0.521459227,0.505,1.0,1,577.0
0.382352941,0.801529658,0.504,0.0,1,396.0
0.20588235300000002,0.952514581,0.503,1.0,1,578.0
0.029411765,0.945746671,0.502,0.0,1,397.0
0.602941176,0.7619676459999999,0.501,1.0,1,579.0
0.117647059,0.936227578,0.5,0.0,1,398.0
0.117647059,0.952844723,0.499,1.0,1,581.0
0.470588235,0.332067789,0.498,0.0,1,400.0
0.088235294,0.939639045,0.497,1.0,1,582.0
0.470588235,0.829866843,0.496,0.0,1,402.0
0.117647059,0.909596126,0.495,1.0,1,583.0
0.294117647,0.630406075,0.494,0.0,1,403.0
0.294117647,0.939198856,0.493,1.0,1,584.0
0.20588235300000002,0.942170133,0.492,1.0,1,586.0
0.117647059,0.844448113,0.491,0.0,1,405.0
0.470588235,0.671013536,0.49,1.0,1,591.0
0.088235294,0.9566413559999999,0.489,0.0,1,406.0
0.25,0.806701882,0.488,1.0,1,592.0
0.470588235,0.8241443820000001,0.487,0.0,1,407.0
0.20588235300000002,0.888412017,0.486,1.0,1,593.0
0.102941176,0.9410146359999999,0.485,0.0,1,408.0
0.029411765,0.8977660390000001,0.484,1.0,1,594.0
0.647058824,0.646142841,0.483,0.0,1,409.0
0.294117647,0.962638935,0.482,1.0,1,595.0
0.117647059,0.883569935,0.481,0.0,1,410.0
0.161764706,0.969406845,0.48,1.0,1,596.0
0.470588235,0.31979751300000003,0.479,0.0,1,412.0
0.294117647,0.75316386,0.478,1.0,1,598.0
0.20588235300000002,0.54765049,0.477,1.0,1,599.0
0.073529412,0.962253769,0.476,0.0,1,416.0
0.294117647,0.787443601,0.475,1.0,1,602.0
0.470588235,0.814570265,0.474,0.0,1,419.0
0.382352941,0.781501045,0.473,1.0,1,603.0
0.294117647,0.606965995,0.472,0.0,1,421.0
0.25,0.870364257,0.471,1.0,1,604.0
0.117647059,0.9912512379999999,0.47,0.0,1,423.0
0.294117647,0.947342357,0.469,1.0,1,605.0
0.161764706,0.86365137,0.468,0.0,1,424.0
0.20588235300000002,0.910311434,0.467,1.0,1,606.0
0.470588235,0.8845603609999999,0.466,0.0,1,425.0
0.132352941,0.898151205,0.465,1.0,1,607.0
0.20588235300000002,0.9342467259999999,0.464,0.0,1,429.0
0.117647059,0.953174865,0.463,1.0,1,609.0
0.161764706,0.864751843,0.462,1.0,1,612.0
0.029411765,0.980246506,0.461,0.0,1,430.0
0.117647059,0.948552878,0.46,1.0,1,613.0
0.161764706,0.930560141,0.459,0.0,1,431.0
0.323529412,0.575437438,0.458,1.0,1,614.0
0.647058824,0.526356333,0.457,0.0,1,433.0
0.294117647,0.937713217,0.456,1.0,1,615.0
0.294117647,0.9616485090000001,0.455,0.0,1,434.0
0.20588235300000002,0.6909871240000001,0.454,1.0,1,618.0
0.294117647,0.7905249259999999,0.453,0.0,1,435.0
0.25,0.852921756,0.452,1.0,1,619.0
0.117647059,0.882249367,0.451,0.0,1,436.0
0.029411765,0.9456916470000001,0.45,1.0,1,620.0
0.117647059,0.9793111040000001,0.449,1.0,1,621.0
0.294117647,0.8297017720000001,0.448,0.0,1,437.0
0.294117647,0.7148123690000001,0.447,1.0,1,625.0
0.20588235300000002,0.87537141,0.446,0.0,1,438.0
0.029411765,0.937713217,0.445,1.0,1,626.0
0.294117647,0.946847144,0.444,0.0,1,440.0
0.529411765,0.683724001,0.443,1.0,1,627.0
0.20588235300000002,0.9482777590000001,0.442,0.0,1,442.0
0.33823529399999996,0.53983713,0.441,1.0,1,628.0
0.25,0.861505447,0.44,0.0,1,443.0
0.33823529399999996,0.825795092,0.439,1.0,1,631.0
0.294117647,0.937988335,0.438,0.0,1,447.0
0.647058824,0.64190602,0.437,1.0,1,632.0
0.117647059,0.8984263229999999,0.436,0.0,1,452.0
0.647058824,0.553868163,0.435,1.0,1,635.0
0.470588235,0.728788379,0.434,1.0,1,636.0
0.647058824,0.8168812590000001,0.433,0.0,1,459.0
0.073529412,0.998569385,0.432,1.0,1,639.0
0.558823529,0.686145042,0.431,0.0,1,463.0
0.029411765,0.9165841309999999,0.43,1.0,1,640.0
0.294117647,0.902498074,0.429,0.0,1,467.0
0.088235294,0.8570485309999999,0.428,1.0,1,642.0
0.470588235,0.5155166720000001,0.427,0.0,1,468.0
0.294117647,0.9005172220000001,0.426,1.0,1,643.0
0.029411765,0.956146143,0.425,0.0,1,469.0
0.117647059,0.951964345,0.424,1.0,1,644.0
0.294117647,0.732970177,0.423,0.0,1,470.0
0.147058824,0.795146913,0.422,1.0,1,645.0
0.647058824,0.7948167709999999,0.421,0.0,1,472.0
0.8235294120000001,0.241939034,0.42,1.0,1,646.0
0.161764706,0.9442060090000001,0.419,1.0,1,647.0
0.514705882,0.5412127210000001,0.418,0.0,1,477.0
0.073529412,0.8653571040000001,0.417,1.0,1,648.0
0.294117647,0.5838010339999999,0.416,0.0,1,484.0
0.029411765,0.8201826790000001,0.415,1.0,1,651.0
0.102941176,0.937107956,0.414,0.0,1,488.0
0.294117647,0.888081875,0.413,1.0,1,652.0
0.20588235300000002,0.957191592,0.412,0.0,1,489.0
0.20588235300000002,0.890612964,0.411,1.0,1,654.0
0.20588235300000002,0.95053373,0.41,0.0,1,490.0
0.073529412,0.938593595,0.409,1.0,1,655.0
0.20588235300000002,0.907010014,0.408,0.0,1,492.0
0.029411765,0.8993067020000001,0.407,1.0,1,656.0
0.294117647,0.649774403,0.406,0.0,1,494.0
0.117647059,0.936062507,0.405,1.0,1,657.0
0.20588235300000002,0.8861010229999999,0.404,1.0,1,661.0
0.20588235300000002,0.9455815999999999,0.403,0.0,1,495.0
0.470588235,0.8294816770000001,0.402,1.0,1,662.0
0.029411765,0.99383735,0.401,0.0,1,498.0
0.20588235300000002,0.8019148229999999,0.4,1.0,1,663.0
0.33823529399999996,0.722515682,0.399,0.0,1,499.0
0.294117647,0.7925608009999999,0.398,1.0,1,667.0
0.029411765,0.947562452,0.397,0.0,1,500.0
0.088235294,0.9560911190000001,0.396,1.0,1,668.0
0.044117647,0.9735886429999999,0.395,0.0,1,502.0
0.20588235300000002,0.878287664,0.394,1.0,1,669.0
0.0,0.933696489,0.393,0.0,1,503.0
0.20588235300000002,0.6693078020000001,0.392,1.0,1,670.0
0.20588235300000002,0.956036096,0.391,1.0,1,672.0
0.0,0.9287993840000001,0.39,0.0,1,504.0
0.117647059,0.9545504570000001,0.389,1.0,1,676.0
0.117647059,0.8942995490000001,0.388,0.0,1,505.0
0.088235294,0.9417299440000001,0.387,1.0,1,677.0
0.117647059,0.932320898,0.386,0.0,1,506.0
0.161764706,0.99218664,0.385,1.0,1,678.0
0.294117647,0.50330142,0.384,0.0,1,508.0
0.20588235300000002,0.939749092,0.383,1.0,1,681.0
0.294117647,0.9434356770000001,0.382,0.0,1,517.0
0.25,0.8490700999999999,0.381,1.0,1,682.0
0.294117647,0.35688346,0.38,0.0,1,518.0
0.073529412,0.816936283,0.379,1.0,1,683.0
0.294117647,0.9398041159999999,0.378,0.0,1,519.0
0.294117647,0.9283591940000001,0.377,1.0,1,685.0
0.117647059,0.937493122,0.376,1.0,1,686.0
0.161764706,0.817431496,0.375,0.0,1,522.0
0.25,0.8878617809999999,0.374,1.0,1,687.0
0.088235294,0.8904478929999999,0.373,0.0,1,523.0
0.294117647,0.838725652,0.372,1.0,1,690.0
0.029411765,0.9902057879999999,0.371,0.0,1,524.0
0.294117647,0.962198745,0.37,1.0,1,692.0
0.352941176,0.583250798,0.369,0.0,1,525.0
0.117647059,0.679322109,0.368,1.0,1,693.0
0.294117647,0.8059315509999999,0.367,0.0,1,527.0
0.029411765,0.849895455,0.366,1.0,1,694.0
0.647058824,0.45130406100000003,0.365,0.0,1,528.0
0.20588235300000002,0.838230439,0.364,1.0,1,696.0
0.235294118,0.890778035,0.363,1.0,1,697.0
0.117647059,0.8901177509999999,0.362,0.0,1,534.0
0.029411765,0.9706723890000001,0.361,1.0,1,698.0
0.20588235300000002,0.672389127,0.36,0.0,1,536.0
0.294117647,0.8294816770000001,0.359,1.0,1,700.0
0.029411765,0.972323099,0.358,0.0,1,537.0
0.117647059,0.92258171,0.357,1.0,1,701.0
0.117647059,0.841862001,0.356,0.0,1,538.0
0.20588235300000002,0.9147133270000001,0.355,1.0,1,703.0
0.20588235300000002,0.785242654,0.354,0.0,1,546.0
0.20588235300000002,0.913777925,0.353,1.0,1,704.0
0.20588235300000002,0.78458237,0.352,0.0,1,547.0
0.20588235300000002,0.911191812,0.351,1.0,1,706.0
0.117647059,0.949763398,0.35,0.0,1,551.0
0.470588235,0.560966215,0.349,1.0,1,707.0
0.647058824,0.46572026,0.348,1.0,1,708.0
0.161764706,0.9048640920000001,0.347,0.0,1,552.0
0.20588235300000002,0.906844943,0.346,1.0,1,709.0
0.029411765,0.910751623,0.345,0.0,1,554.0
0.20588235300000002,0.98993067,0.344,1.0,1,710.0
0.161764706,0.9413447779999999,0.343,0.0,1,557.0
0.20588235300000002,0.906459778,0.342,1.0,1,711.0
0.470588235,0.6314515239999999,0.341,0.0,1,558.0
0.0,0.980686695,0.34,1.0,1,712.0
0.20588235300000002,0.9327060640000001,0.339,0.0,1,560.0
0.117647059,0.821228128,0.338,1.0,1,713.0
0.088235294,0.9645647629999999,0.337,0.0,1,563.0
0.470588235,0.6348079670000001,0.336,1.0,1,714.0
0.117647059,0.9747991640000001,0.335,0.0,1,566.0
0.558823529,0.795587102,0.334,1.0,1,715.0
0.294117647,0.806977,0.333,1.0,1,717.0
0.117647059,0.9310553540000001,0.332,0.0,1,567.0
0.161764706,0.938923737,0.331,1.0,1,718.0
0.294117647,0.944536151,0.33,0.0,1,580.0
0.294117647,0.847529438,0.329,1.0,1,720.0
0.102941176,0.797017718,0.328,0.0,1,585.0
0.117647059,0.9751843290000001,0.327,1.0,1,721.0
0.20588235300000002,0.772752283,0.326,0.0,1,587.0
0.117647059,0.974854187,0.325,1.0,1,723.0
0.235294118,0.657862881,0.324,0.0,1,588.0
0.161764706,0.929459668,0.323,1.0,1,724.0
0.382352941,0.552327501,0.322,0.0,1,589.0
0.117647059,0.971992957,0.321,1.0,1,726.0
0.33823529399999996,0.875096291,0.32,1.0,1,727.0
0.073529412,0.85974469,0.319,0.0,1,590.0
0.20588235300000002,0.907670298,0.318,1.0,1,730.0
0.117647059,0.888356994,0.317,0.0,1,597.0
0.088235294,0.899911962,0.316,1.0,1,732.0
0.294117647,0.957411687,0.315,0.0,1,600.0
0.073529412,0.9885550790000001,0.314,1.0,1,733.0
0.20588235300000002,0.8360845159999999,0.313,0.0,1,601.0
0.073529412,0.9048090679999999,0.312,1.0,1,734.0
0.029411765,1.0,0.311,0.0,1,608.0
0.558823529,0.667712116,0.31,1.0,1,736.0
0.382352941,0.686145042,0.309,0.0,1,610.0
0.073529412,0.902057885,0.308,1.0,1,737.0
0.470588235,0.503631562,0.307,1.0,1,738.0
0.102941176,0.798888522,0.306,0.0,1,611.0
0.8235294120000001,0.60614064,0.305,1.0,1,740.0
0.073529412,0.908165511,0.304,0.0,1,616.0
0.117647059,0.8525365909999999,0.303,1.0,1,741.0
0.029411765,0.868108287,0.302,0.0,1,617.0
0.470588235,0.581545064,0.301,1.0,1,743.0
0.029411765,0.94228018,0.3,0.0,1,622.0
0.117647059,0.92753384,0.299,1.0,1,746.0
0.117647059,0.9360074829999999,0.298,0.0,1,623.0
0.20588235300000002,0.9600528229999999,0.297,1.0,1,747.0
0.117647059,0.9761197309999999,0.296,0.0,1,624.0
0.073529412,0.8379553209999999,0.295,1.0,1,749.0
0.117647059,0.926158248,0.294,0.0,1,629.0
0.382352941,0.8954550459999999,0.293,1.0,1,754.0
0.294117647,0.730274018,0.292,1.0,1,756.0
0.176470588,0.949103114,0.291,0.0,1,630.0
0.647058824,0.0,0.29,1.0,1,757.0
0.117647059,0.921316166,0.289,0.0,1,633.0
0.029411765,0.989105315,0.288,1.0,1,759.0
0.20588235300000002,0.6637504129999999,0.287,0.0,1,634.0
0.117647059,0.8970507320000001,0.286,1.0,1,760.0
0.117647059,0.914493232,0.285,0.0,1,637.0
0.117647059,0.9361725540000001,0.284,1.0,1,761.0
0.647058824,0.342247166,0.283,0.0,1,638.0
0.20588235300000002,0.9309453059999999,0.282,1.0,1,762.0
0.647058824,0.798393309,0.281,0.0,1,641.0
0.073529412,0.932430945,0.28,1.0,1,765.0
0.161764706,0.885715858,0.279,1.0,1,766.0
0.735294118,0.494552658,0.278,0.0,1,649.0
0.294117647,0.835809398,0.277,1.0,1,767.0
0.647058824,0.45653130799999997,0.276,0.0,1,650.0
0.470588235,0.782106306,0.275,1.0,1,768.0
0.294117647,0.887036426,0.274,0.0,1,653.0
0.147058824,0.96962694,0.273,1.0,1,770.0
0.102941176,0.950258611,0.272,0.0,1,658.0
0.382352941,0.857983933,0.271,1.0,1,772.0
0.294117647,0.883074722,0.27,0.0,1,659.0
0.294117647,0.944536151,0.269,1.0,1,773.0
0.029411765,0.938868714,0.268,0.0,1,660.0
0.294117647,0.6943985909999999,0.267,1.0,1,774.0
0.117647059,0.9314955429999999,0.266,0.0,1,664.0
0.294117647,0.938043359,0.265,1.0,1,777.0
0.602941176,0.7526136240000001,0.264,1.0,1,780.0
0.294117647,0.8795532079999999,0.263,0.0,1,665.0
0.294117647,0.9360074829999999,0.262,1.0,1,781.0
0.294117647,0.7544844279999999,0.261,0.0,1,666.0
0.117647059,0.9443160559999999,0.26,1.0,1,782.0
0.161764706,0.9190601959999999,0.259,0.0,1,671.0
0.294117647,0.93265104,0.258,1.0,1,783.0
0.470588235,0.604820073,0.257,0.0,1,673.0
0.117647059,0.850390668,0.256,1.0,1,785.0
0.029411765,0.754264334,0.255,0.0,1,674.0
0.20588235300000002,0.842962474,0.254,1.0,1,786.0
0.088235294,0.9429404640000001,0.253,0.0,1,675.0
0.470588235,0.48706944,0.252,1.0,1,790.0
0.294117647,0.661439419,0.251,1.0,1,791.0
0.132352941,0.936227578,0.25,0.0,1,679.0
0.382352941,0.8213931990000001,0.249,1.0,1,792.0
0.117647059,0.819687466,0.248,0.0,1,680.0
0.294117647,0.9071200620000001,0.247,1.0,1,793.0
0.0,0.9310553540000001,0.246,0.0,1,684.0
0.647058824,0.220259712,0.245,1.0,1,794.0
0.558823529,0.827005612,0.244,0.0,1,688.0
0.294117647,0.9015626720000001,0.243,1.0,1,795.0
0.20588235300000002,0.928304171,0.242,0.0,1,689.0
0.117647059,0.94948828,0.241,1.0,1,796.0
0.117647059,0.8898976559999999,0.24,0.0,1,691.0
0.088235294,0.8921536259999999,0.239,1.0,1,799.0
0.161764706,0.8839000770000001,0.238,0.0,1,695.0
0.073529412,0.946406955,0.237,1.0,1,802.0
0.647058824,0.747221305,0.236,1.0,1,803.0
0.647058824,0.602399032,0.235,0.0,1,699.0
0.073529412,0.977770441,0.234,1.0,1,807.0
0.029411765,0.9259931770000001,0.233,0.0,1,702.0
0.294117647,0.537911302,0.232,1.0,1,809.0
0.088235294,0.9463519309999999,0.231,0.0,1,705.0
0.073529412,0.881368989,0.23,1.0,1,810.0
0.161764706,0.81600088,0.229,0.0,1,716.0
0.20588235300000002,0.9564212609999999,0.228,1.0,1,811.0
0.294117647,0.7647188290000001,0.227,0.0,1,719.0
0.25,0.8259051390000001,0.226,1.0,1,812.0
0.029411765,0.938153406,0.225,0.0,1,722.0
0.029411765,0.962473864,0.224,1.0,1,814.0
0.294117647,0.652360515,0.223,1.0,1,817.0
0.20588235300000002,0.800704303,0.222,0.0,1,725.0
0.20588235300000002,0.946847144,0.221,1.0,1,818.0
0.117647059,0.970012105,0.22,0.0,1,728.0
0.20588235300000002,0.945251458,0.219,1.0,1,819.0
0.0,0.8277759440000001,0.218,0.0,1,729.0
0.161764706,0.8180917790000001,0.217,1.0,1,820.0
0.470588235,0.225927149,0.216,0.0,1,731.0
0.117647059,0.816220975,0.215,1.0,1,821.0
0.117647059,0.94272037,0.214,0.0,1,735.0
0.470588235,0.7959172440000001,0.213,1.0,1,822.0
0.117647059,0.896995708,0.212,0.0,1,739.0
0.073529412,0.940189281,0.211,1.0,1,823.0
0.294117647,0.84290745,0.21,1.0,1,824.0
0.20588235300000002,0.80576648,0.209,0.0,1,742.0
0.073529412,0.896225377,0.208,1.0,1,826.0
0.029411765,0.977330252,0.207,0.0,1,744.0
0.117647059,0.891933531,0.206,1.0,1,827.0
0.25,0.923131947,0.205,0.0,1,745.0
0.294117647,0.839826125,0.204,1.0,1,828.0
0.735294118,0.136403654,0.203,0.0,1,748.0
0.117647059,0.932100803,0.202,1.0,1,829.0
0.294117647,0.866072411,0.201,0.0,1,750.0
0.294117647,0.588918235,0.2,1.0,1,830.0
0.647058824,0.7176736,0.199,0.0,1,751.0
0.647058824,0.151425113,0.198,1.0,1,831.0
0.117647059,0.8719049190000001,0.197,0.0,1,752.0
0.161764706,0.7959172440000001,0.196,1.0,1,832.0
0.20588235300000002,0.914273137,0.195,1.0,1,833.0
0.20588235300000002,0.908495653,0.194,0.0,1,753.0
0.20588235300000002,0.8278859909999999,0.193,1.0,1,834.0
0.20588235300000002,0.946792121,0.192,0.0,1,755.0
0.20588235300000002,0.907890393,0.191,1.0,1,836.0
0.117647059,0.9030483109999999,0.19,0.0,1,758.0
0.294117647,0.943215583,0.189,1.0,1,837.0
0.029411765,0.89732585,0.188,0.0,1,763.0
0.161764706,0.9436007479999999,0.187,1.0,1,838.0
0.029411765,0.976780015,0.186,0.0,1,764.0
0.20588235300000002,0.8944095959999999,0.185,1.0,1,841.0
0.044117647,0.872014966,0.184,0.0,1,769.0
0.117647059,0.9785957959999999,0.183,1.0,1,846.0
0.117647059,0.8942995490000001,0.182,1.0,1,847.0
0.294117647,0.321613294,0.181,0.0,1,771.0
0.117647059,0.9766699679999999,0.18,1.0,1,848.0
0.117647059,0.9951028940000001,0.179,0.0,1,775.0
0.073529412,0.9372180040000001,0.178,1.0,1,849.0
0.117647059,0.91025641,0.177,0.0,1,776.0
0.161764706,0.930450094,0.176,1.0,1,851.0
0.294117647,0.93776824,0.175,0.0,1,778.0
0.044117647,0.8808737759999999,0.174,1.0,1,852.0
0.294117647,0.686750303,0.173,0.0,1,779.0
0.117647059,0.971057555,0.172,1.0,1,853.0
0.294117647,0.9294046440000001,0.171,0.0,1,784.0
0.073529412,0.972763288,0.17,1.0,1,854.0
0.161764706,0.75751073,0.169,1.0,1,855.0
0.117647059,0.9716077909999999,0.168,0.0,1,787.0
0.117647059,0.965004952,0.167,1.0,1,857.0
0.161764706,0.7593815340000001,0.166,0.0,1,788.0
0.117647059,0.9642346209999999,0.165,1.0,1,858.0
0.029411765,0.929129526,0.164,0.0,1,789.0
0.117647059,0.9164740840000001,0.163,1.0,1,859.0
0.20588235300000002,0.608011445,0.162,0.0,1,797.0
0.20588235300000002,0.867448003,0.161,1.0,1,860.0
0.20588235300000002,0.816220975,0.16,0.0,1,798.0
0.161764706,0.868988665,0.159,1.0,1,862.0
0.352941176,0.793331132,0.158,0.0,1,800.0
0.117647059,0.817156377,0.157,1.0,1,865.0
0.088235294,0.9286893359999999,0.156,1.0,1,866.0
0.558823529,0.502971278,0.155,0.0,1,801.0
0.0,0.931550567,0.154,1.0,1,867.0
0.117647059,0.9398041159999999,0.153,0.0,1,804.0
0.029411765,0.900242104,0.152,1.0,1,869.0
0.117647059,0.895950259,0.151,0.0,1,805.0
0.294117647,0.843622758,0.15,1.0,1,870.0
0.073529412,0.8972158029999999,0.149,0.0,1,806.0
0.029411765,0.981291956,0.148,1.0,1,871.0
0.073529412,0.9702872240000001,0.147,0.0,1,808.0
0.382352941,0.9193903379999999,0.146,1.0,1,872.0
0.20588235300000002,0.9533399359999999,0.145,0.0,1,813.0
0.073529412,0.93551227,0.144,1.0,1,873.0
0.088235294,0.611643006,0.143,0.0,1,815.0
0.117647059,0.93160559,0.142,1.0,1,874.0
0.117647059,0.92934962,0.141,1.0,1,875.0
0.058823529000000006,0.971937933,0.14,0.0,1,816.0
0.20588235300000002,0.966105425,0.139,1.0,1,876.0
0.33823529399999996,0.798338285,0.138,0.0,1,825.0
0.117647059,0.672664246,0.137,1.0,1,878.0
0.647058824,0.344172994,0.136,0.0,1,835.0
0.382352941,0.7799603829999999,0.135,1.0,1,879.0
0.20588235300000002,0.898206229,0.134,0.0,1,839.0
0.20588235300000002,0.820677891,0.133,1.0,1,880.0
0.029411765,0.94723231,0.132,0.0,1,840.0
0.20588235300000002,0.8561681520000001,0.131,1.0,1,882.0
0.029411765,0.945636624,0.13,0.0,1,842.0
0.117647059,0.902167932,0.129,1.0,1,883.0
0.382352941,0.802905249,0.128,1.0,1,884.0
0.294117647,0.930340046,0.127,0.0,1,843.0
0.117647059,0.899691868,0.126,1.0,1,885.0
0.161764706,0.937493122,0.125,0.0,1,844.0
0.073529412,0.937383075,0.124,1.0,1,886.0
0.117647059,0.856443271,0.123,0.0,1,845.0
0.470588235,0.405524375,0.122,1.0,1,887.0
0.117647059,0.975404424,0.121,0.0,1,850.0
0.058823529000000006,0.93595246,0.12,1.0,1,888.0
0.647058824,0.312259271,0.119,0.0,1,856.0
0.161764706,0.829811819,0.118,1.0,1,889.0
0.117647059,0.871959943,0.117,0.0,1,861.0
0.294117647,0.945031363,0.116,1.0,1,890.0
0.294117647,0.90018708,0.115,1.0,1,892.0
0.117647059,0.8240893579999999,0.114,0.0,1,863.0
0.117647059,0.9500385170000001,0.113,1.0,1,894.0
0.088235294,0.935732365,0.112,0.0,1,864.0
0.382352941,0.7257620779999999,0.111,1.0,1,895.0
0.088235294,0.92588313,0.11,0.0,1,868.0
0.294117647,0.854407395,0.109,1.0,1,896.0
0.117647059,0.927148674,0.108,0.0,1,877.0
0.33823529399999996,0.7647188290000001,0.107,1.0,1,897.0
0.470588235,0.804445912,0.106,0.0,1,881.0
0.25,0.8861560470000001,0.105,1.0,1,900.0
0.20588235300000002,0.906954991,0.104,0.0,1,891.0
0.117647059,0.9737537140000001,0.103,1.0,1,902.0
0.029411765,0.928854407,0.102,1.0,1,903.0
0.294117647,0.940409376,0.101,0.0,1,893.0
0.058823529000000006,0.963849455,0.1,1.0,1,904.0
0.117647059,0.978540773,0.099,0.0,1,898.0
0.117647059,0.94618686,0.098,1.0,1,905.0
0.161764706,0.933476395,0.097,0.0,1,899.0
0.470588235,0.794211511,0.096,1.0,1,906.0
0.117647059,0.9751843290000001,0.095,0.0,1,901.0
0.029411765,0.9852536590000001,0.094,1.0,1,907.0
0.6323529410000001,0.423792231,0.093,0.0,1,908.0
0.294117647,0.883955101,0.092,1.0,1,910.0
0.044117647,0.88560581,0.091,0.0,1,909.0
0.161764706,0.636843843,0.09,1.0,1,912.0
0.470588235,0.69197755,0.089,1.0,1,913.0
0.20588235300000002,0.845988775,0.088,0.0,1,911.0
0.20588235300000002,0.955705954,0.087,1.0,1,914.0
0.161764706,0.9159238470000001,0.086,1.0,1,915.0
0.20588235300000002,0.9517992740000001,0.085,1.0,1,916.0
0.117647059,0.9114119070000001,0.084,1.0,1,917.0
0.117647059,0.90800044,0.083,0.0,1,918.0
0.20588235300000002,0.942500275,0.082,1.0,1,919.0
0.117647059,0.817596567,0.081,0.0,1,920.0
0.088235294,0.930064928,0.08,1.0,1,921.0
0.117647059,0.940519423,0.079,1.0,1,922.0
0.20588235300000002,0.76097722,0.078,1.0,1,923.0
0.117647059,0.8478045559999999,0.077,1.0,1,924.0
0.117647059,0.8876416859999999,0.076,0.0,1,925.0
0.161764706,0.955816001,0.075,1.0,1,926.0
0.029411765,0.962528887,0.074,1.0,1,927.0
0.294117647,0.9451964340000001,0.073,1.0,1,928.0
0.470588235,0.749917465,0.072,1.0,1,929.0
0.294117647,0.8003741609999999,0.071,0.0,1,930.0
0.029411765,0.938153406,0.07,0.0,1,931.0
0.294117647,0.9224716629999999,0.069,1.0,1,932.0
0.117647059,0.972983383,0.068,1.0,1,933.0
0.117647059,0.971772862,0.067,1.0,1,934.0
0.029411765,0.976174755,0.066,1.0,1,935.0
0.132352941,0.9148783979999999,0.065,1.0,1,936.0
0.029411765,0.97474414,0.064,1.0,1,937.0
0.294117647,0.666336525,0.063,1.0,1,938.0
0.294117647,0.913447783,0.062,1.0,1,939.0
0.117647059,0.9628040059999999,0.061,0.0,1,940.0
0.25,0.829041488,0.06,1.0,1,941.0
0.117647059,0.9583470890000001,0.059,1.0,1,942.0
0.470588235,0.14124573599999998,0.058,0.0,1,943.0
0.20588235300000002,0.933806537,0.057,1.0,1,944.0
0.294117647,0.8853857159999999,0.056,1.0,1,945.0
0.117647059,0.9313304720000001,0.055,1.0,1,946.0
0.20588235300000002,0.29976890100000003,0.054,0.0,1,947.0
0.073529412,0.963244195,0.053,1.0,1,948.0
0.294117647,0.866347529,0.052,1.0,1,949.0
0.088235294,0.9436007479999999,0.051,1.0,1,950.0
0.029411765,0.98993067,0.05,1.0,1,951.0
0.117647059,0.8955100690000001,0.049,1.0,1,952.0
0.294117647,0.635633322,0.048,0.0,1,953.0
0.088235294,0.796467481,0.047,0.0,1,954.0
0.117647059,0.847749532,0.046,1.0,1,955.0
0.470588235,0.409926268,0.045,1.0,1,956.0
0.294117647,0.7105205240000001,0.044,1.0,1,957.0
0.25,0.871794872,0.043,0.0,1,958.0
0.073529412,0.921866403,0.042,1.0,1,959.0
0.294117647,0.9476724990000001,0.041,1.0,1,960.0
0.470588235,0.882579509,0.04,1.0,1,961.0
0.029411765,0.947507428,0.039,0.0,1,962.0
0.117647059,0.942500275,0.038,1.0,1,963.0
0.029411765,0.939363926,0.037,1.0,1,964.0
0.33823529399999996,0.874656102,0.036,1.0,1,965.0
0.117647059,0.967756135,0.035,1.0,1,966.0
0.117647059,0.942830417,0.034,1.0,1,967.0
0.294117647,0.889677561,0.033,0.0,1,968.0
0.117647059,0.93265104,0.032,1.0,1,969.0
0.20588235300000002,0.951524155,0.031,1.0,1,970.0
0.294117647,0.841917024,0.03,1.0,1,971.0
0.294117647,0.840486409,0.029,1.0,1,972.0
0.161764706,0.965665236,0.028,1.0,1,973.0
0.470588235,0.516672169,0.027,1.0,1,974.0
0.382352941,0.35358204,0.026,1.0,1,975.0
0.029411765,0.955981072,0.025,0.0,1,976.0
0.20588235300000002,0.900902388,0.024,1.0,1,977.0
0.117647059,0.9436557720000001,0.023,0.0,1,978.0
0.161764706,0.93430175,0.022,1.0,1,979.0
0.20588235300000002,0.8823043909999999,0.021,1.0,1,980.0
0.294117647,0.9176295809999999,0.02,1.0,1,981.0
0.161764706,0.912237262,0.019,0.0,1,982.0
0.294117647,0.651755255,0.018,1.0,1,983.0
0.029411765,0.988775173,0.017,1.0,1,984.0
0.117647059,0.940574447,0.016,1.0,1,985.0
0.102941176,0.9269836029999999,0.015,1.0,1,986.0
0.117647059,0.911521954,0.014,1.0,1,987.0
0.029411765,0.9948828000000002,0.013,1.0,1,988.0
0.117647059,0.903983713,0.012,1.0,1,989.0
0.20588235300000002,0.9294046440000001,0.011,0.0,1,990.0
0.073529412,0.928524265,0.01,0.0,1,991.0
0.117647059,0.657862881,0.009,0.0,1,992.0
0.117647059,0.979366127,0.008,1.0,1,993.0
0.117647059,0.602619126,0.007,1.0,1,994.0
0.117647059,0.871849895,0.006,1.0,1,995.0
0.382352941,0.601903819,0.005,0.0,1,996.0
0.117647059,0.980246506,0.004,1.0,1,997.0
0.20588235300000002,0.97248817,0.003,1.0,1,998.0
0.20588235300000002,0.877682403,0.002,1.0,1,999.0
0.029411765,0.212886541,0.001,1.0,1,1000.0
