DurationMonth,CreditAmount,score,age35,query_id,doc_id
0.470588235,0.568834599,1.0,0.0,1.0,1.0
0.33823529399999996,0.8793881370000001,0.999,0.0,1.0,2.0
0.20588235300000002,0.7955320790000001,0.998,1.0,1.0,3.0
0.117647059,0.8147353359999999,0.997,1.0,1.0,4.0
0.20588235300000002,0.722020469,0.996,0.0,1.0,5.0
0.8235294120000001,0.637614174,0.995,0.0,1.0,6.0
0.117647059,0.962583911,0.994,0.0,1.0,7.0
0.647058824,0.76037196,0.993,1.0,1.0,8.0
0.33823529399999996,0.7281831190000001,0.992,0.0,1.0,9.0
0.235294118,0.778694839,0.991,1.0,1.0,10.0
0.029411765,0.966435567,0.99,0.0,1.0,11.0
0.073529412,0.950258611,0.989,0.0,1.0,12.0
0.382352941,0.595796192,0.988,0.0,1.0,13.0
0.8235294120000001,0.443380654,0.987,0.0,1.0,14.0
0.029411765,0.9398591390000001,0.986,0.0,1.0,15.0
0.25,0.833553428,0.985,0.0,1.0,16.0
0.294117647,0.814515242,0.984,1.0,1.0,17.0
0.117647059,0.862550897,0.983,0.0,1.0,18.0
0.294117647,0.66055904,0.982,0.0,1.0,19.0
0.294117647,0.9460217890000001,0.981,0.0,1.0,20.0
0.470588235,0.8913282709999999,0.98,0.0,1.0,21.0
0.382352941,0.429239573,0.979,0.0,1.0,22.0
0.33823529399999996,0.55606911,0.978,0.0,1.0,23.0
0.161764706,0.813304721,0.977,1.0,1.0,24.0
0.117647059,0.9743039509999999,0.976,0.0,1.0,25.0
0.20588235300000002,0.658413118,0.975,0.0,1.0,26.0
0.8235294120000001,0.20039617,0.974,0.0,1.0,27.0
0.382352941,0.849180147,0.973,1.0,1.0,28.0
0.117647059,0.861945637,0.972,1.0,1.0,29.0
0.647058824,0.665401122,0.971,0.0,1.0,30.0
0.382352941,0.67332453,0.97,1.0,1.0,31.0
0.117647059,0.937107956,0.969,0.0,1.0,32.0
0.029411765,0.940959613,0.968,1.0,1.0,33.0
0.058823529000000006,0.949708375,0.967,0.0,1.0,34.0
0.602941176,0.363596346,0.966,1.0,1.0,35.0
0.8235294120000001,0.256850446,0.965,0.0,1.0,36.0
0.25,0.948387807,0.964,0.0,1.0,37.0
0.20588235300000002,0.82546495,0.963,0.0,1.0,38.0
0.382352941,0.8937493120000001,0.962,0.0,1.0,39.0
0.117647059,0.907285133,0.961,0.0,1.0,40.0
0.294117647,0.9743039509999999,0.96,0.0,1.0,41.0
0.470588235,0.71151095,0.959,0.0,1.0,42.0
0.073529412,0.941509849,0.958,1.0,1.0,43.0
0.470588235,0.834984043,0.957,0.0,1.0,44.0
0.647058824,0.8623858259999999,0.956,0.0,1.0,45.0
0.382352941,0.874986244,0.955,0.0,1.0,46.0
0.117647059,0.885495763,0.954,0.0,1.0,47.0
0.470588235,0.906294707,0.953,0.0,1.0,48.0
0.470588235,0.904974139,0.952,0.0,1.0,49.0
0.117647059,0.9226917570000001,0.951,0.0,1.0,50.0
0.294117647,0.7876086720000001,0.95,1.0,1.0,51.0
0.470588235,0.649829427,0.949,1.0,1.0,52.0
0.647058824,0.845383515,0.948,1.0,1.0,53.0
0.470588235,0.43727302700000004,0.947,0.0,1.0,54.0
0.294117647,0.9429404640000001,0.946,0.0,1.0,55.0
0.294117647,0.859029383,0.945,1.0,1.0,56.0
0.25,0.982337405,0.944,0.0,1.0,57.0
0.470588235,0.802740178,0.943,0.0,1.0,58.0
0.294117647,0.92588313,0.942,0.0,1.0,59.0
0.073529412,0.9311654009999999,0.9410000000000001,1.0,1.0,60.0
0.426470588,0.7781996259999999,0.94,1.0,1.0,61.0
0.294117647,0.907285133,0.9390000000000001,1.0,1.0,62.0
0.294117647,0.780400572,0.938,0.0,1.0,63.0
0.647058824,0.675745571,0.937,0.0,1.0,64.0
0.382352941,0.814460218,0.9359999999999999,0.0,1.0,65.0
0.294117647,0.901947838,0.935,0.0,1.0,66.0
0.8235294120000001,0.612248267,0.9339999999999999,0.0,1.0,67.0
0.294117647,0.891438318,0.933,0.0,1.0,68.0
0.470588235,0.963739408,0.9319999999999999,0.0,1.0,69.0
0.073529412,0.9428854409999999,0.931,0.0,1.0,70.0
0.647058824,0.615494663,0.9299999999999999,1.0,1.0,71.0
0.161764706,0.8284362279999999,0.929,1.0,1.0,78.0
0.33823529399999996,0.685539782,0.928,1.0,1.0,79.0
0.8235294120000001,0.455595906,0.927,1.0,1.0,89.0
0.294117647,0.8147353359999999,0.926,1.0,1.0,91.0
0.470588235,0.862660944,0.925,1.0,1.0,102.0
0.20588235300000002,0.95565093,0.924,1.0,1.0,103.0
0.235294118,0.675470452,0.923,1.0,1.0,105.0
0.088235294,0.9460217890000001,0.922,1.0,1.0,106.0
0.20588235300000002,0.907230109,0.921,1.0,1.0,108.0
0.20588235300000002,0.9791460329999999,0.92,1.0,1.0,116.0
0.8235294120000001,0.152470562,0.919,1.0,1.0,117.0
0.20588235300000002,0.679762298,0.918,1.0,1.0,122.0
0.20588235300000002,0.835259161,0.917,1.0,1.0,128.0
0.558823529,0.619456366,0.916,1.0,1.0,137.0
0.25,0.738472543,0.915,1.0,1.0,145.0
0.33823529399999996,0.732199846,0.914,1.0,1.0,146.0
0.294117647,0.934411797,0.913,1.0,1.0,151.0
0.294117647,0.586882359,0.912,1.0,1.0,154.0
0.029411765,0.9340266309999999,0.911,1.0,1.0,155.0
0.294117647,0.905524375,0.91,1.0,1.0,157.0
0.25,0.815725762,0.909,1.0,1.0,162.0
0.029411765,0.9060746120000001,0.908,1.0,1.0,167.0
0.161764706,0.893474194,0.907,1.0,1.0,168.0
0.25,0.9256080109999999,0.906,1.0,1.0,170.0
0.294117647,0.7952019370000001,0.905,1.0,1.0,172.0
0.073529412,0.954220315,0.904,1.0,1.0,181.0
0.25,0.812809508,0.903,1.0,1.0,186.0
0.294117647,0.844888302,0.902,1.0,1.0,193.0
0.161764706,0.961483438,0.901,1.0,1.0,196.0
0.294117647,0.880378563,0.9,0.0,1.0,72.0
0.117647059,0.92978981,0.899,0.0,1.0,73.0
0.294117647,0.710740618,0.898,0.0,1.0,74.0
0.382352941,0.9087707709999999,0.897,0.0,1.0,75.0
0.20588235300000002,0.914988445,0.896,0.0,1.0,76.0
0.088235294,0.9455265759999999,0.895,0.0,1.0,77.0
0.161764706,0.7361615490000001,0.894,0.0,1.0,80.0
0.470588235,0.591284252,0.893,0.0,1.0,81.0
0.294117647,0.851050952,0.892,0.0,1.0,82.0
0.470588235,0.666886761,0.891,0.0,1.0,83.0
0.25,0.884285243,0.89,0.0,1.0,84.0
0.20588235300000002,0.926708485,0.889,0.0,1.0,85.0
0.161764706,0.720809948,0.888,0.0,1.0,86.0
0.176470588,0.8693188070000001,0.887,0.0,1.0,87.0
0.294117647,0.9477825459999999,0.886,0.0,1.0,88.0
0.294117647,0.734015627,0.885,0.0,1.0,90.0
0.647058824,0.5866072410000001,0.884,0.0,1.0,92.0
0.073529412,0.9517992740000001,0.883,0.0,1.0,93.0
0.470588235,0.88725652,0.882,0.0,1.0,94.0
0.470588235,0.885165621,0.881,0.0,1.0,95.0
0.117647059,0.9850335640000001,0.88,0.0,1.0,96.0
0.117647059,0.935402223,0.879,0.0,1.0,97.0
0.647058824,0.447177286,0.878,0.0,1.0,98.0
0.161764706,0.932430945,0.877,0.0,1.0,99.0
0.161764706,0.929184549,0.876,0.0,1.0,100.0
0.117647059,0.972268075,0.875,0.0,1.0,101.0
0.117647059,0.9600528229999999,0.874,0.0,1.0,104.0
0.161764706,0.9131176409999999,0.873,0.0,1.0,107.0
0.647058824,0.590899087,0.872,0.0,1.0,109.0
0.294117647,0.9436007479999999,0.871,0.0,1.0,110.0
0.382352941,0.812589413,0.87,0.0,1.0,111.0
0.294117647,0.857763838,0.869,0.0,1.0,112.0
0.647058824,0.671288654,0.868,0.0,1.0,113.0
0.294117647,0.855727963,0.867,0.0,1.0,114.0
0.294117647,0.85462749,0.866,0.0,1.0,115.0
0.088235294,0.9707824359999999,0.865,0.0,1.0,118.0
0.558823529,0.749862441,0.864,0.0,1.0,119.0
0.20588235300000002,0.600473203,0.863,0.0,1.0,120.0
0.029411765,0.939694068,0.862,0.0,1.0,121.0
0.264705882,0.8665676240000001,0.861,0.0,1.0,123.0
0.117647059,0.9281941229999999,0.86,0.0,1.0,124.0
0.382352941,0.9110267409999999,0.859,0.0,1.0,125.0
0.294117647,0.874105866,0.858,0.0,1.0,126.0
0.147058824,0.519753494,0.857,0.0,1.0,127.0
0.470588235,0.8192472759999999,0.856,0.0,1.0,129.0
0.294117647,0.866842742,0.855,0.0,1.0,130.0
0.117647059,0.7472763290000001,0.854,0.0,1.0,131.0
0.117647059,0.830472103,0.853,0.0,1.0,132.0
0.029411765,0.995157918,0.852,0.0,1.0,133.0
0.117647059,0.9443160559999999,0.851,0.0,1.0,134.0
0.294117647,0.761142291,0.85,0.0,1.0,135.0
0.161764706,0.868988665,0.849,1.0,1.0,199.0
0.161764706,0.86590734,0.848,1.0,1.0,201.0
0.117647059,0.907340156,0.847,1.0,1.0,204.0
0.294117647,0.8139099809999999,0.846,1.0,1.0,206.0
0.20588235300000002,0.9015626720000001,0.845,1.0,1.0,207.0
0.470588235,0.8859359520000001,0.844,1.0,1.0,208.0
0.161764706,0.86034995,0.843,1.0,1.0,209.0
0.117647059,0.977880489,0.842,1.0,1.0,216.0
0.514705882,0.742324199,0.841,1.0,1.0,221.0
0.382352941,0.749037086,0.84,1.0,1.0,222.0
0.647058824,0.7333553429999999,0.839,1.0,1.0,223.0
0.470588235,0.694618686,0.838,1.0,1.0,227.0
0.117647059,0.961428414,0.837,1.0,1.0,228.0
0.470588235,0.8562781999999999,0.836,1.0,1.0,229.0
0.117647059,0.95895235,0.835,1.0,1.0,230.0
0.647058824,0.6775613509999999,0.834,1.0,1.0,231.0
0.647058824,0.802244965,0.833,1.0,1.0,232.0
0.470588235,0.47138769700000005,0.832,1.0,1.0,233.0
0.647058824,0.410641576,0.831,1.0,1.0,239.0
0.25,0.926213272,0.83,1.0,1.0,242.0
0.294117647,0.37768240299999994,0.829,1.0,1.0,244.0
0.382352941,0.664355673,0.8280000000000001,1.0,1.0,245.0
0.117647059,0.967481017,0.827,1.0,1.0,248.0
0.382352941,0.8244195,0.8260000000000001,1.0,1.0,249.0
1.0,0.705898536,0.825,1.0,1.0,250.0
0.294117647,0.8218333879999999,0.8240000000000001,1.0,1.0,252.0
0.029411765,0.918014746,0.823,1.0,1.0,253.0
0.294117647,0.818311874,0.8220000000000001,1.0,1.0,254.0
0.647058824,0.628645317,0.821,1.0,1.0,255.0
0.073529412,0.9512490370000001,0.8200000000000001,1.0,1.0,256.0
0.294117647,0.730384065,0.819,1.0,1.0,257.0
0.382352941,0.764498734,0.8180000000000001,1.0,1.0,260.0
0.073529412,0.9473973809999999,0.817,1.0,1.0,261.0
0.20588235300000002,0.934411797,0.8160000000000001,1.0,1.0,263.0
0.602941176,0.912237262,0.815,1.0,1.0,264.0
0.382352941,0.881368989,0.8140000000000001,1.0,1.0,265.0
0.294117647,0.885825905,0.813,1.0,1.0,266.0
0.294117647,0.958787279,0.812,1.0,1.0,268.0
0.470588235,0.697810058,0.8109999999999999,1.0,1.0,269.0
0.294117647,0.8719049190000001,0.81,1.0,1.0,270.0
0.102941176,0.895895235,0.8089999999999999,1.0,1.0,271.0
0.558823529,0.77330252,0.808,1.0,1.0,272.0
0.294117647,0.8705293279999999,0.8069999999999999,1.0,1.0,273.0
0.470588235,0.7686805329999999,0.806,1.0,1.0,277.0
0.294117647,0.943050512,0.8049999999999999,1.0,1.0,278.0
0.25,0.8606800920000001,0.804,1.0,1.0,279.0
0.029411765,0.9549906459999999,0.8029999999999999,1.0,1.0,280.0
0.647058824,0.37603169399999997,0.802,1.0,1.0,282.0
0.117647059,0.861780566,0.8009999999999999,1.0,1.0,283.0
0.073529412,0.731539562,0.8,0.0,1.0,136.0
0.058823529000000006,0.826785518,0.7989999999999999,0.0,1.0,138.0
0.029411765,0.975239353,0.798,0.0,1.0,139.0
0.25,0.877517332,0.7969999999999999,0.0,1.0,140.0
0.294117647,0.666391548,0.796,0.0,1.0,141.0
0.294117647,0.7913502809999999,0.795,0.0,1.0,142.0
0.073529412,0.802905249,0.794,0.0,1.0,143.0
0.470588235,0.692307692,0.793,0.0,1.0,144.0
0.117647059,0.992571806,0.792,0.0,1.0,147.0
0.382352941,0.847749532,0.791,0.0,1.0,148.0
0.029411765,0.949433256,0.79,0.0,1.0,149.0
0.161764706,0.941784968,0.789,0.0,1.0,150.0
0.558823529,0.580059426,0.788,0.0,1.0,152.0
0.294117647,0.925552988,0.787,0.0,1.0,153.0
0.294117647,0.907010014,0.786,0.0,1.0,156.0
0.294117647,0.8205128209999999,0.785,0.0,1.0,158.0
0.161764706,0.908935842,0.784,0.0,1.0,159.0
0.647058824,0.7974579070000001,0.783,0.0,1.0,160.0
0.470588235,0.555133707,0.782,0.0,1.0,161.0
0.20588235300000002,0.815010454,0.781,0.0,1.0,163.0
0.117647059,0.9447012220000001,0.78,0.0,1.0,164.0
0.294117647,0.8928689340000001,0.779,0.0,1.0,165.0
0.647058824,0.622042478,0.778,0.0,1.0,166.0
0.044117647,0.9672058990000001,0.777,0.0,1.0,169.0
0.117647059,0.890172774,0.776,0.0,1.0,171.0
0.20588235300000002,0.9651149990000001,0.775,0.0,1.0,173.0
0.470588235,0.8645317490000001,0.774,0.0,1.0,174.0
0.294117647,0.870089138,0.773,0.0,1.0,175.0
0.647058824,0.845878728,0.772,0.0,1.0,176.0
0.073529412,0.875811599,0.771,0.0,1.0,177.0
0.058823529000000006,0.973533619,0.77,0.0,1.0,178.0
0.294117647,0.8618906129999999,0.769,0.0,1.0,179.0
0.029411765,0.91746451,0.768,0.0,1.0,180.0
0.117647059,0.910091339,0.767,0.0,1.0,182.0
0.117647059,0.8267304940000001,0.766,0.0,1.0,183.0
0.235294118,0.625453945,0.765,0.0,1.0,184.0
0.073529412,0.9477825459999999,0.764,0.0,1.0,185.0
0.117647059,0.6945636620000001,0.763,0.0,1.0,187.0
0.294117647,0.850665786,0.762,0.0,1.0,188.0
0.073529412,0.945306482,0.761,0.0,1.0,189.0
0.382352941,0.844448113,0.76,0.0,1.0,190.0
0.294117647,0.6372840320000001,0.759,0.0,1.0,191.0
0.117647059,0.896390448,0.758,0.0,1.0,192.0
0.20588235300000002,0.848629911,0.757,0.0,1.0,194.0
0.117647059,0.9289094309999999,0.756,0.0,1.0,195.0
0.029411765,0.962473864,0.755,0.0,1.0,197.0
0.647058824,0.5939804120000001,0.754,0.0,1.0,198.0
0.117647059,0.8274458020000001,0.753,0.0,1.0,200.0
0.117647059,0.9502035879999999,0.752,0.0,1.0,202.0
0.382352941,0.6427863979999999,0.751,0.0,1.0,203.0
0.294117647,0.939033785,0.75,0.0,1.0,205.0
0.8235294120000001,0.654616485,0.749,1.0,1.0,284.0
0.294117647,0.8489050290000001,0.748,1.0,1.0,286.0
0.352941176,0.862826015,0.747,1.0,1.0,296.0
0.029411765,0.9774402990000001,0.746,1.0,1.0,297.0
0.161764706,0.927423792,0.745,1.0,1.0,298.0
0.264705882,0.9431605590000001,0.744,1.0,1.0,300.0
0.029411765,0.928249147,0.743,1.0,1.0,301.0
0.161764706,0.960107846,0.742,1.0,1.0,304.0
0.470588235,0.48393309100000004,0.741,1.0,1.0,305.0
0.602941176,0.8469792009999999,0.74,1.0,1.0,306.0
0.470588235,0.895730164,0.739,1.0,1.0,308.0
0.470588235,0.768625509,0.738,1.0,1.0,309.0
0.647058824,0.5467701110000001,0.737,1.0,1.0,310.0
0.294117647,0.8123693190000001,0.736,1.0,1.0,312.0
0.117647059,0.9035985470000001,0.735,1.0,1.0,313.0
0.235294118,0.869098712,0.734,1.0,1.0,314.0
0.161764706,0.93655772,0.733,1.0,1.0,317.0
0.470588235,0.621602289,0.732,1.0,1.0,321.0
0.294117647,0.87823264,0.731,1.0,1.0,322.0
0.294117647,0.8357543740000001,0.73,1.0,1.0,323.0
0.294117647,0.904423902,0.729,1.0,1.0,326.0
0.294117647,0.902167932,0.728,1.0,1.0,327.0
0.20588235300000002,0.9058545170000001,0.727,1.0,1.0,328.0
0.294117647,0.858314075,0.726,1.0,1.0,329.0
0.20588235300000002,0.861065258,0.725,1.0,1.0,330.0
0.647058824,0.75030263,0.724,1.0,1.0,331.0
0.117647059,0.943215583,0.723,1.0,1.0,333.0
0.294117647,0.849895455,0.722,1.0,1.0,334.0
0.382352941,0.8853857159999999,0.721,1.0,1.0,335.0
0.294117647,0.8452734679999999,0.72,1.0,1.0,338.0
0.294117647,0.928304171,0.719,1.0,1.0,340.0
0.514705882,0.872400132,0.718,1.0,1.0,341.0
0.161764706,0.891548366,0.7170000000000001,1.0,1.0,342.0
0.161764706,0.8857708809999999,0.716,1.0,1.0,345.0
0.294117647,0.748706944,0.7150000000000001,1.0,1.0,348.0
0.514705882,0.233575437,0.714,1.0,1.0,349.0
0.426470588,0.8616705179999999,0.7130000000000001,1.0,1.0,350.0
0.20588235300000002,0.9102013870000001,0.712,1.0,1.0,351.0
0.20588235300000002,0.909926268,0.7110000000000001,1.0,1.0,353.0
0.470588235,0.887091449,0.71,1.0,1.0,358.0
0.20588235300000002,0.8968856609999999,0.7090000000000001,1.0,1.0,360.0
0.470588235,0.882029273,0.708,1.0,1.0,361.0
0.20588235300000002,0.769505888,0.7070000000000001,1.0,1.0,362.0
0.117647059,0.9815670740000001,0.706,1.0,1.0,363.0
0.294117647,0.9286893359999999,0.7050000000000001,1.0,1.0,365.0
0.470588235,0.496643557,0.704,1.0,1.0,369.0
0.073529412,0.934686915,0.7030000000000001,1.0,1.0,371.0
0.647058824,0.776713987,0.702,1.0,1.0,372.0
0.161764706,0.838450534,0.7010000000000001,1.0,1.0,377.0
0.161764706,0.942225157,0.7,0.0,1.0,210.0
0.073529412,0.8622757790000001,0.6990000000000001,0.0,1.0,211.0
0.294117647,0.932926158,0.698,0.0,1.0,212.0
0.294117647,0.8070320240000001,0.6970000000000001,0.0,1.0,213.0
0.558823529,0.7913502809999999,0.696,0.0,1.0,214.0
0.117647059,0.979751293,0.6950000000000001,0.0,1.0,215.0
0.117647059,0.975734566,0.694,0.0,1.0,217.0
0.294117647,0.881864202,0.6930000000000001,0.0,1.0,218.0
0.161764706,0.9301199520000001,0.692,0.0,1.0,219.0
0.029411765,0.81148894,0.6910000000000001,0.0,1.0,220.0
0.117647059,0.969516892,0.69,0.0,1.0,224.0
0.294117647,0.917189391,0.6890000000000001,0.0,1.0,225.0
0.147058824,0.9361725540000001,0.688,0.0,1.0,226.0
0.117647059,0.9464619790000001,0.687,0.0,1.0,234.0
0.088235294,0.9737537140000001,0.6859999999999999,0.0,1.0,235.0
0.20588235300000002,0.8542423240000001,0.685,0.0,1.0,236.0
0.117647059,0.941234731,0.6839999999999999,0.0,1.0,237.0
0.647058824,0.6607241110000001,0.683,0.0,1.0,238.0
0.25,0.927258721,0.6819999999999999,0.0,1.0,240.0
0.294117647,0.882579509,0.681,0.0,1.0,241.0
0.029411765,0.977110157,0.6799999999999999,0.0,1.0,243.0
0.029411765,0.641740949,0.679,0.0,1.0,246.0
0.470588235,0.699515792,0.6779999999999999,0.0,1.0,247.0
0.117647059,0.961043249,0.677,0.0,1.0,251.0
0.029411765,0.9935072079999999,0.6759999999999999,0.0,1.0,258.0
0.161764706,0.943820843,0.675,0.0,1.0,259.0
0.088235294,0.886376142,0.6739999999999999,0.0,1.0,262.0
0.382352941,0.876031694,0.673,0.0,1.0,267.0
0.088235294,0.907890393,0.6719999999999999,0.0,1.0,274.0
0.470588235,0.6060856170000001,0.671,0.0,1.0,275.0
0.8235294120000001,0.66776714,0.6699999999999999,0.0,1.0,276.0
0.029411765,0.827555849,0.669,0.0,1.0,281.0
0.029411765,0.94783757,0.6679999999999999,0.0,1.0,285.0
0.294117647,0.927974029,0.667,0.0,1.0,287.0
0.117647059,0.936612743,0.6659999999999999,0.0,1.0,288.0
0.294117647,0.9265434140000001,0.665,0.0,1.0,289.0
0.294117647,0.8009243970000001,0.6639999999999999,0.0,1.0,290.0
0.073529412,0.8963354240000001,0.663,0.0,1.0,291.0
0.029411765,0.940134258,0.6619999999999999,0.0,1.0,292.0
0.470588235,0.41537361100000003,0.661,0.0,1.0,293.0
0.117647059,0.97474414,0.6599999999999999,0.0,1.0,294.0
0.117647059,0.974193903,0.659,0.0,1.0,295.0
0.014705882,0.824034335,0.6579999999999999,0.0,1.0,299.0
0.117647059,0.964894905,0.657,0.0,1.0,302.0
0.294117647,0.74579069,0.656,0.0,1.0,303.0
0.294117647,0.905634423,0.655,0.0,1.0,307.0
0.294117647,0.77434797,0.654,0.0,1.0,311.0
0.102941176,0.7512380320000001,0.653,0.0,1.0,315.0
0.117647059,0.9442060090000001,0.652,0.0,1.0,316.0
0.20588235300000002,0.641740949,0.651,0.0,1.0,318.0
0.073529412,0.938703643,0.65,0.0,1.0,319.0
0.294117647,0.912677451,0.649,1.0,1.0,379.0
0.117647059,0.9641245740000001,0.648,1.0,1.0,380.0
0.117647059,0.962088698,0.647,1.0,1.0,381.0
0.470588235,0.8585891929999999,0.646,1.0,1.0,382.0
0.294117647,0.9091559370000001,0.645,1.0,1.0,383.0
0.117647059,0.918234841,0.644,1.0,1.0,384.0
0.294117647,0.697755035,0.643,1.0,1.0,386.0
0.117647059,0.953064818,0.642,1.0,1.0,390.0
0.117647059,0.9527896999999999,0.641,1.0,1.0,391.0
0.20588235300000002,0.860845163,0.64,1.0,1.0,392.0
0.558823529,0.619016177,0.639,1.0,1.0,399.0
0.117647059,0.976064708,0.638,1.0,1.0,401.0
0.20588235300000002,0.842412237,0.637,1.0,1.0,404.0
0.8235294120000001,0.509904259,0.636,1.0,1.0,411.0
0.161764706,0.9609332009999999,0.635,1.0,1.0,413.0
0.470588235,0.815945857,0.634,1.0,1.0,414.0
0.294117647,0.825024761,0.633,1.0,1.0,415.0
0.382352941,0.7782546490000001,0.632,1.0,1.0,417.0
0.382352941,0.56960493,0.631,1.0,1.0,418.0
0.25,0.8627159679999999,0.63,1.0,1.0,420.0
0.470588235,0.888687135,0.629,1.0,1.0,422.0
0.117647059,0.944536151,0.628,1.0,1.0,426.0
0.073529412,0.945746671,0.627,1.0,1.0,427.0
0.20588235300000002,0.812919555,0.626,1.0,1.0,428.0
0.294117647,0.963409266,0.625,1.0,1.0,432.0
0.294117647,0.9481126879999999,0.624,1.0,1.0,439.0
0.470588235,0.7676350829999999,0.623,1.0,1.0,441.0
0.294117647,0.941619897,0.622,1.0,1.0,444.0
0.088235294,0.89567514,0.621,1.0,1.0,445.0
0.294117647,0.938318477,0.62,1.0,1.0,446.0
0.382352941,0.76158248,0.619,1.0,1.0,448.0
0.117647059,0.9423902279999999,0.618,1.0,1.0,449.0
0.029411765,0.9465720259999999,0.617,1.0,1.0,450.0
0.25,0.7249917459999999,0.616,1.0,1.0,451.0
0.294117647,0.929844833,0.615,1.0,1.0,453.0
0.20588235300000002,0.890007703,0.614,1.0,1.0,454.0
0.647058824,0.652800704,0.613,1.0,1.0,455.0
0.161764706,0.804005722,0.612,1.0,1.0,456.0
0.514705882,0.36667767100000004,0.611,1.0,1.0,457.0
0.647058824,0.8175415429999999,0.61,1.0,1.0,458.0
0.117647059,0.969902058,0.609,1.0,1.0,460.0
0.647058824,0.815175525,0.608,1.0,1.0,461.0
0.294117647,0.91190712,0.607,1.0,1.0,462.0
0.117647059,0.959667657,0.606,1.0,1.0,464.0
0.647058824,0.596566524,0.605,1.0,1.0,465.0
0.294117647,0.864201607,0.604,1.0,1.0,466.0
0.088235294,0.854132277,0.603,1.0,1.0,471.0
0.25,0.316055904,0.602,1.0,1.0,473.0
0.294117647,0.8074722129999999,0.601,1.0,1.0,474.0
0.294117647,0.884670408,0.6,0.0,1.0,320.0
0.117647059,0.8454385390000001,0.599,0.0,1.0,324.0
0.294117647,0.7853527020000001,0.598,0.0,1.0,325.0
0.029411765,0.990315836,0.597,0.0,1.0,332.0
0.235294118,0.821998459,0.596,0.0,1.0,336.0
0.25,0.8904478929999999,0.595,0.0,1.0,337.0
0.117647059,0.938263453,0.594,0.0,1.0,339.0
0.470588235,0.9136678770000001,0.593,0.0,1.0,343.0
0.161764706,0.96962694,0.5920000000000001,0.0,1.0,344.0
0.25,0.794981842,0.591,0.0,1.0,346.0
0.235294118,0.8920435790000001,0.5900000000000001,0.0,1.0,347.0
0.117647059,0.956696379,0.589,0.0,1.0,352.0
0.20588235300000002,0.904588973,0.5880000000000001,0.0,1.0,354.0
0.088235294,0.938703643,0.587,0.0,1.0,355.0
0.161764706,0.947012215,0.5860000000000001,0.0,1.0,356.0
0.20588235300000002,0.777319247,0.585,0.0,1.0,357.0
0.161764706,0.9443160559999999,0.5840000000000001,0.0,1.0,359.0
0.029411765,0.19412347300000002,0.583,0.0,1.0,364.0
0.161764706,0.932816111,0.5820000000000001,0.0,1.0,366.0
0.102941176,0.616044899,0.581,0.0,1.0,367.0
0.117647059,0.9762297790000001,0.5800000000000001,0.0,1.0,368.0
0.294117647,0.7563002090000001,0.579,0.0,1.0,370.0
0.25,0.8398811490000001,0.5780000000000001,0.0,1.0,373.0
0.470588235,0.8667877190000001,0.577,0.0,1.0,374.0
0.294117647,0.917849675,0.5760000000000001,0.0,1.0,375.0
0.20588235300000002,0.880213492,0.575,0.0,1.0,376.0
0.426470588,0.614669308,0.5740000000000001,0.0,1.0,378.0
0.20588235300000002,0.870694399,0.573,0.0,1.0,385.0
0.117647059,0.580994828,0.5720000000000001,0.0,1.0,387.0
0.117647059,0.954220315,0.571,0.0,1.0,388.0
0.117647059,0.9536700779999999,0.5700000000000001,0.0,1.0,389.0
0.470588235,0.844338065,0.569,0.0,1.0,393.0
0.294117647,0.8528667329999999,0.5680000000000001,0.0,1.0,394.0
0.117647059,0.9455265759999999,0.567,0.0,1.0,395.0
0.382352941,0.801529658,0.5660000000000001,0.0,1.0,396.0
0.029411765,0.945746671,0.565,0.0,1.0,397.0
0.117647059,0.936227578,0.5640000000000001,0.0,1.0,398.0
0.470588235,0.332067789,0.563,0.0,1.0,400.0
0.470588235,0.829866843,0.562,0.0,1.0,402.0
0.294117647,0.630406075,0.5609999999999999,0.0,1.0,403.0
0.117647059,0.844448113,0.56,0.0,1.0,405.0
0.088235294,0.9566413559999999,0.5589999999999999,0.0,1.0,406.0
0.470588235,0.8241443820000001,0.558,0.0,1.0,407.0
0.102941176,0.9410146359999999,0.5569999999999999,0.0,1.0,408.0
0.647058824,0.646142841,0.556,0.0,1.0,409.0
0.117647059,0.883569935,0.5549999999999999,0.0,1.0,410.0
0.470588235,0.31979751300000003,0.554,0.0,1.0,412.0
0.073529412,0.962253769,0.5529999999999999,0.0,1.0,416.0
0.470588235,0.814570265,0.552,0.0,1.0,419.0
0.294117647,0.606965995,0.5509999999999999,0.0,1.0,421.0
0.117647059,0.9912512379999999,0.55,0.0,1.0,423.0
0.470588235,0.755915043,0.5489999999999999,1.0,1.0,475.0
0.382352941,0.842742379,0.548,1.0,1.0,476.0
0.117647059,0.8128645320000001,0.5469999999999999,1.0,1.0,478.0
0.20588235300000002,0.9274788159999999,0.546,1.0,1.0,479.0
0.073529412,0.9340266309999999,0.5449999999999999,1.0,1.0,480.0
0.294117647,0.8771321670000001,0.544,1.0,1.0,481.0
0.058823529000000006,0.9456916470000001,0.5429999999999999,1.0,1.0,482.0
0.20588235300000002,0.881479036,0.542,1.0,1.0,483.0
0.073529412,0.8446131840000001,0.5409999999999999,1.0,1.0,485.0
0.647058824,0.686310113,0.54,1.0,1.0,486.0
0.382352941,0.908165511,0.5389999999999999,1.0,1.0,487.0
0.20588235300000002,0.949433256,0.538,1.0,1.0,491.0
0.294117647,0.858149004,0.5369999999999999,1.0,1.0,493.0
0.073529412,0.95113899,0.536,1.0,1.0,496.0
0.117647059,0.90574447,0.5349999999999999,1.0,1.0,497.0
0.294117647,0.390447893,0.534,1.0,1.0,501.0
0.470588235,0.912402333,0.5329999999999999,1.0,1.0,507.0
0.33823529399999996,0.872345108,0.532,1.0,1.0,509.0
0.117647059,0.924617586,0.531,1.0,1.0,510.0
0.117647059,0.756520304,0.53,1.0,1.0,511.0
0.294117647,0.7860129859999999,0.529,1.0,1.0,512.0
0.382352941,0.778694839,0.528,1.0,1.0,513.0
0.294117647,0.907725322,0.527,1.0,1.0,514.0
0.470588235,0.76818532,0.526,1.0,1.0,515.0
0.470588235,0.8095631120000001,0.525,1.0,1.0,516.0
0.294117647,0.8536370640000001,0.524,1.0,1.0,520.0
0.470588235,0.718223836,0.523,1.0,1.0,521.0
0.470588235,0.798448333,0.522,1.0,1.0,526.0
0.132352941,0.965225047,0.521,1.0,1.0,529.0
0.161764706,0.93490701,0.52,1.0,1.0,530.0
0.294117647,0.801199516,0.519,1.0,1.0,531.0
0.161764706,0.932430945,0.518,1.0,1.0,532.0
0.161764706,0.847089248,0.517,1.0,1.0,533.0
0.470588235,0.8699790909999999,0.516,1.0,1.0,535.0
0.470588235,0.5699900960000001,0.515,1.0,1.0,539.0
0.117647059,0.8792230659999999,0.514,1.0,1.0,540.0
0.25,0.9127874990000001,0.513,1.0,1.0,541.0
0.382352941,0.696214372,0.512,1.0,1.0,542.0
0.294117647,0.784362276,0.511,1.0,1.0,543.0
0.20588235300000002,0.913612854,0.51,1.0,1.0,544.0
0.20588235300000002,0.8694838779999999,0.509,1.0,1.0,545.0
0.20588235300000002,0.8672829320000001,0.508,1.0,1.0,548.0
0.029411765,0.917849675,0.507,1.0,1.0,549.0
0.088235294,0.896445472,0.506,1.0,1.0,550.0
0.117647059,0.947727523,0.505,1.0,1.0,553.0
0.294117647,0.937107956,0.504,1.0,1.0,555.0
0.029411765,0.9093210079999999,0.503,1.0,1.0,556.0
0.029411765,0.9871244640000001,0.502,1.0,1.0,559.0
0.8235294120000001,0.605590404,0.501,1.0,1.0,561.0
0.161764706,0.86365137,0.5,0.0,1.0,424.0
0.470588235,0.8845603609999999,0.499,0.0,1.0,425.0
0.20588235300000002,0.9342467259999999,0.498,0.0,1.0,429.0
0.029411765,0.980246506,0.497,0.0,1.0,430.0
0.161764706,0.930560141,0.496,0.0,1.0,431.0
0.647058824,0.526356333,0.495,0.0,1.0,433.0
0.294117647,0.9616485090000001,0.494,0.0,1.0,434.0
0.294117647,0.7905249259999999,0.493,0.0,1.0,435.0
0.117647059,0.882249367,0.492,0.0,1.0,436.0
0.294117647,0.8297017720000001,0.491,0.0,1.0,437.0
0.20588235300000002,0.87537141,0.49,0.0,1.0,438.0
0.294117647,0.946847144,0.489,0.0,1.0,440.0
0.20588235300000002,0.9482777590000001,0.488,0.0,1.0,442.0
0.25,0.861505447,0.487,0.0,1.0,443.0
0.294117647,0.937988335,0.486,0.0,1.0,447.0
0.117647059,0.8984263229999999,0.485,0.0,1.0,452.0
0.647058824,0.8168812590000001,0.484,0.0,1.0,459.0
0.558823529,0.686145042,0.483,0.0,1.0,463.0
0.294117647,0.902498074,0.482,0.0,1.0,467.0
0.470588235,0.5155166720000001,0.481,0.0,1.0,468.0
0.029411765,0.956146143,0.48,0.0,1.0,469.0
0.294117647,0.732970177,0.479,0.0,1.0,470.0
0.647058824,0.7948167709999999,0.478,0.0,1.0,472.0
0.514705882,0.5412127210000001,0.477,0.0,1.0,477.0
0.294117647,0.5838010339999999,0.476,0.0,1.0,484.0
0.102941176,0.937107956,0.475,0.0,1.0,488.0
0.20588235300000002,0.957191592,0.474,0.0,1.0,489.0
0.20588235300000002,0.95053373,0.473,0.0,1.0,490.0
0.20588235300000002,0.907010014,0.472,0.0,1.0,492.0
0.294117647,0.649774403,0.471,0.0,1.0,494.0
0.20588235300000002,0.9455815999999999,0.47,0.0,1.0,495.0
0.029411765,0.99383735,0.469,0.0,1.0,498.0
0.33823529399999996,0.722515682,0.46799999999999997,0.0,1.0,499.0
0.029411765,0.947562452,0.46699999999999997,0.0,1.0,500.0
0.044117647,0.9735886429999999,0.46599999999999997,0.0,1.0,502.0
0.0,0.933696489,0.46499999999999997,0.0,1.0,503.0
0.0,0.9287993840000001,0.46399999999999997,0.0,1.0,504.0
0.117647059,0.8942995490000001,0.46299999999999997,0.0,1.0,505.0
0.117647059,0.932320898,0.46199999999999997,0.0,1.0,506.0
0.294117647,0.50330142,0.46099999999999997,0.0,1.0,508.0
0.294117647,0.9434356770000001,0.45999999999999996,0.0,1.0,517.0
0.294117647,0.35688346,0.45899999999999996,0.0,1.0,518.0
0.294117647,0.9398041159999999,0.45799999999999996,0.0,1.0,519.0
0.161764706,0.817431496,0.45699999999999996,0.0,1.0,522.0
0.088235294,0.8904478929999999,0.45599999999999996,0.0,1.0,523.0
0.029411765,0.9902057879999999,0.45499999999999996,0.0,1.0,524.0
0.352941176,0.583250798,0.45399999999999996,0.0,1.0,525.0
0.294117647,0.8059315509999999,0.45299999999999996,0.0,1.0,527.0
0.647058824,0.45130406100000003,0.45199999999999996,0.0,1.0,528.0
0.117647059,0.8901177509999999,0.45099999999999996,0.0,1.0,534.0
0.20588235300000002,0.672389127,0.44999999999999996,0.0,1.0,536.0
0.117647059,0.935402223,0.44899999999999995,1.0,1.0,562.0
0.20588235300000002,0.929569715,0.44799999999999995,1.0,1.0,564.0
0.294117647,0.840541433,0.44699999999999995,1.0,1.0,565.0
0.470588235,0.574667107,0.44599999999999995,1.0,1.0,568.0
0.073529412,0.8871464729999999,0.44499999999999995,1.0,1.0,569.0
0.20588235300000002,0.836964895,0.44399999999999995,1.0,1.0,570.0
0.470588235,0.48739958200000005,0.44299999999999995,1.0,1.0,571.0
0.029411765,0.7600418179999999,0.44199999999999995,1.0,1.0,572.0
0.161764706,0.8755915040000001,0.44099999999999995,1.0,1.0,573.0
0.470588235,0.5662484870000001,0.43999999999999995,1.0,1.0,574.0
0.294117647,0.9078353690000001,0.43899999999999995,1.0,1.0,575.0
0.073529412,0.960988225,0.43799999999999994,1.0,1.0,576.0
0.470588235,0.521459227,0.43700000000000006,1.0,1.0,577.0
0.20588235300000002,0.952514581,0.43600000000000005,1.0,1.0,578.0
0.602941176,0.7619676459999999,0.43500000000000005,1.0,1.0,579.0
0.117647059,0.952844723,0.43400000000000005,1.0,1.0,581.0
0.088235294,0.939639045,0.43300000000000005,1.0,1.0,582.0
0.117647059,0.909596126,0.43200000000000005,1.0,1.0,583.0
0.294117647,0.939198856,0.43100000000000005,1.0,1.0,584.0
0.20588235300000002,0.942170133,0.43000000000000005,1.0,1.0,586.0
0.470588235,0.671013536,0.42900000000000005,1.0,1.0,591.0
0.25,0.806701882,0.42800000000000005,1.0,1.0,592.0
0.20588235300000002,0.888412017,0.42700000000000005,1.0,1.0,593.0
0.029411765,0.8977660390000001,0.42600000000000005,1.0,1.0,594.0
0.294117647,0.962638935,0.42500000000000004,1.0,1.0,595.0
0.161764706,0.969406845,0.42400000000000004,1.0,1.0,596.0
0.294117647,0.75316386,0.42300000000000004,1.0,1.0,598.0
0.20588235300000002,0.54765049,0.42200000000000004,1.0,1.0,599.0
0.294117647,0.787443601,0.42100000000000004,1.0,1.0,602.0
0.382352941,0.781501045,0.42000000000000004,1.0,1.0,603.0
0.25,0.870364257,0.41900000000000004,1.0,1.0,604.0
0.294117647,0.947342357,0.41800000000000004,1.0,1.0,605.0
0.20588235300000002,0.910311434,0.41700000000000004,1.0,1.0,606.0
0.132352941,0.898151205,0.41600000000000004,1.0,1.0,607.0
0.117647059,0.953174865,0.41500000000000004,1.0,1.0,609.0
0.161764706,0.864751843,0.41400000000000003,1.0,1.0,612.0
0.117647059,0.948552878,0.41300000000000003,1.0,1.0,613.0
0.323529412,0.575437438,0.41200000000000003,1.0,1.0,614.0
0.294117647,0.937713217,0.41100000000000003,1.0,1.0,615.0
0.20588235300000002,0.6909871240000001,0.41000000000000003,1.0,1.0,618.0
0.25,0.852921756,0.40900000000000003,1.0,1.0,619.0
0.029411765,0.9456916470000001,0.40800000000000003,1.0,1.0,620.0
0.117647059,0.9793111040000001,0.40700000000000003,1.0,1.0,621.0
0.294117647,0.7148123690000001,0.406,1.0,1.0,625.0
0.029411765,0.937713217,0.405,1.0,1.0,626.0
0.529411765,0.683724001,0.404,1.0,1.0,627.0
0.33823529399999996,0.53983713,0.403,1.0,1.0,628.0
0.33823529399999996,0.825795092,0.402,1.0,1.0,631.0
0.647058824,0.64190602,0.401,1.0,1.0,632.0
0.029411765,0.972323099,0.4,0.0,1.0,537.0
0.117647059,0.841862001,0.399,0.0,1.0,538.0
0.20588235300000002,0.785242654,0.398,0.0,1.0,546.0
0.20588235300000002,0.78458237,0.397,0.0,1.0,547.0
0.117647059,0.949763398,0.396,0.0,1.0,551.0
0.161764706,0.9048640920000001,0.395,0.0,1.0,552.0
0.029411765,0.910751623,0.394,0.0,1.0,554.0
0.161764706,0.9413447779999999,0.393,0.0,1.0,557.0
0.470588235,0.6314515239999999,0.392,0.0,1.0,558.0
0.20588235300000002,0.9327060640000001,0.391,0.0,1.0,560.0
0.088235294,0.9645647629999999,0.39,0.0,1.0,563.0
0.117647059,0.9747991640000001,0.389,0.0,1.0,566.0
0.117647059,0.9310553540000001,0.388,0.0,1.0,567.0
0.294117647,0.944536151,0.387,0.0,1.0,580.0
0.102941176,0.797017718,0.386,0.0,1.0,585.0
0.20588235300000002,0.772752283,0.385,0.0,1.0,587.0
0.235294118,0.657862881,0.384,0.0,1.0,588.0
0.382352941,0.552327501,0.383,0.0,1.0,589.0
0.073529412,0.85974469,0.382,0.0,1.0,590.0
0.117647059,0.888356994,0.381,0.0,1.0,597.0
0.294117647,0.957411687,0.38,0.0,1.0,600.0
0.20588235300000002,0.8360845159999999,0.379,0.0,1.0,601.0
0.029411765,1.0,0.378,0.0,1.0,608.0
0.382352941,0.686145042,0.377,0.0,1.0,610.0
0.102941176,0.798888522,0.376,0.0,1.0,611.0
0.073529412,0.908165511,0.375,0.0,1.0,616.0
0.029411765,0.868108287,0.374,0.0,1.0,617.0
0.029411765,0.94228018,0.373,0.0,1.0,622.0
0.117647059,0.9360074829999999,0.372,0.0,1.0,623.0
0.117647059,0.9761197309999999,0.371,0.0,1.0,624.0
0.117647059,0.926158248,0.37,0.0,1.0,629.0
0.176470588,0.949103114,0.369,0.0,1.0,630.0
0.117647059,0.921316166,0.368,0.0,1.0,633.0
0.20588235300000002,0.6637504129999999,0.367,0.0,1.0,634.0
0.647058824,0.553868163,0.366,1.0,1.0,635.0
0.470588235,0.728788379,0.365,1.0,1.0,636.0
0.117647059,0.914493232,0.364,0.0,1.0,637.0
0.647058824,0.342247166,0.363,0.0,1.0,638.0
0.073529412,0.998569385,0.362,1.0,1.0,639.0
0.029411765,0.9165841309999999,0.361,1.0,1.0,640.0
0.647058824,0.798393309,0.36,0.0,1.0,641.0
0.088235294,0.8570485309999999,0.359,1.0,1.0,642.0
0.294117647,0.9005172220000001,0.358,1.0,1.0,643.0
0.117647059,0.951964345,0.357,1.0,1.0,644.0
0.147058824,0.795146913,0.356,1.0,1.0,645.0
0.8235294120000001,0.241939034,0.355,1.0,1.0,646.0
0.161764706,0.9442060090000001,0.354,1.0,1.0,647.0
0.073529412,0.8653571040000001,0.353,1.0,1.0,648.0
0.735294118,0.494552658,0.352,0.0,1.0,649.0
0.647058824,0.45653130799999997,0.351,0.0,1.0,650.0
0.029411765,0.8201826790000001,0.35,1.0,1.0,651.0
0.294117647,0.888081875,0.349,1.0,1.0,652.0
0.294117647,0.887036426,0.348,0.0,1.0,653.0
0.20588235300000002,0.890612964,0.347,1.0,1.0,654.0
0.073529412,0.938593595,0.346,1.0,1.0,655.0
0.029411765,0.8993067020000001,0.345,1.0,1.0,656.0
0.117647059,0.936062507,0.344,1.0,1.0,657.0
0.102941176,0.950258611,0.34299999999999997,0.0,1.0,658.0
0.294117647,0.883074722,0.34199999999999997,0.0,1.0,659.0
0.029411765,0.938868714,0.34099999999999997,0.0,1.0,660.0
0.20588235300000002,0.8861010229999999,0.33999999999999997,1.0,1.0,661.0
0.470588235,0.8294816770000001,0.33899999999999997,1.0,1.0,662.0
0.20588235300000002,0.8019148229999999,0.33799999999999997,1.0,1.0,663.0
0.117647059,0.9314955429999999,0.33699999999999997,0.0,1.0,664.0
0.294117647,0.8795532079999999,0.33599999999999997,0.0,1.0,665.0
0.294117647,0.7544844279999999,0.33499999999999996,0.0,1.0,666.0
0.294117647,0.7925608009999999,0.33399999999999996,1.0,1.0,667.0
0.088235294,0.9560911190000001,0.33299999999999996,1.0,1.0,668.0
0.20588235300000002,0.878287664,0.33199999999999996,1.0,1.0,669.0
0.20588235300000002,0.6693078020000001,0.33099999999999996,1.0,1.0,670.0
0.161764706,0.9190601959999999,0.32999999999999996,0.0,1.0,671.0
0.20588235300000002,0.956036096,0.32899999999999996,1.0,1.0,672.0
0.470588235,0.604820073,0.32799999999999996,0.0,1.0,673.0
0.029411765,0.754264334,0.32699999999999996,0.0,1.0,674.0
0.088235294,0.9429404640000001,0.32599999999999996,0.0,1.0,675.0
0.117647059,0.9545504570000001,0.32499999999999996,1.0,1.0,676.0
0.088235294,0.9417299440000001,0.32399999999999995,1.0,1.0,677.0
0.161764706,0.99218664,0.32299999999999995,1.0,1.0,678.0
0.132352941,0.936227578,0.32199999999999995,0.0,1.0,679.0
0.20588235300000002,0.939749092,0.32099999999999995,1.0,1.0,681.0
0.25,0.8490700999999999,0.31999999999999995,1.0,1.0,682.0
0.073529412,0.816936283,0.31899999999999995,1.0,1.0,683.0
0.294117647,0.9283591940000001,0.31799999999999995,1.0,1.0,685.0
0.117647059,0.937493122,0.31699999999999995,1.0,1.0,686.0
0.25,0.8878617809999999,0.31599999999999995,1.0,1.0,687.0
0.294117647,0.838725652,0.31499999999999995,1.0,1.0,690.0
0.294117647,0.962198745,0.31399999999999995,1.0,1.0,692.0
0.117647059,0.679322109,0.31299999999999994,1.0,1.0,693.0
0.029411765,0.849895455,0.31200000000000006,1.0,1.0,694.0
0.20588235300000002,0.838230439,0.31100000000000005,1.0,1.0,696.0
0.235294118,0.890778035,0.31000000000000005,1.0,1.0,697.0
0.029411765,0.9706723890000001,0.30900000000000005,1.0,1.0,698.0
0.294117647,0.8294816770000001,0.30800000000000005,1.0,1.0,700.0
0.117647059,0.92258171,0.30700000000000005,1.0,1.0,701.0
0.20588235300000002,0.9147133270000001,0.30600000000000005,1.0,1.0,703.0
0.20588235300000002,0.913777925,0.30500000000000005,1.0,1.0,704.0
0.20588235300000002,0.911191812,0.30400000000000005,1.0,1.0,706.0
0.470588235,0.560966215,0.30300000000000005,1.0,1.0,707.0
0.647058824,0.46572026,0.30200000000000005,1.0,1.0,708.0
0.20588235300000002,0.906844943,0.30100000000000005,1.0,1.0,709.0
0.117647059,0.819687466,0.30000000000000004,0.0,1.0,680.0
0.0,0.9310553540000001,0.29900000000000004,0.0,1.0,684.0
0.558823529,0.827005612,0.29800000000000004,0.0,1.0,688.0
0.20588235300000002,0.928304171,0.29700000000000004,0.0,1.0,689.0
0.117647059,0.8898976559999999,0.29600000000000004,0.0,1.0,691.0
0.161764706,0.8839000770000001,0.29500000000000004,0.0,1.0,695.0
0.647058824,0.602399032,0.29400000000000004,0.0,1.0,699.0
0.029411765,0.9259931770000001,0.29300000000000004,0.0,1.0,702.0
0.088235294,0.9463519309999999,0.29200000000000004,0.0,1.0,705.0
0.20588235300000002,0.98993067,0.29100000000000004,1.0,1.0,710.0
0.20588235300000002,0.906459778,0.29000000000000004,1.0,1.0,711.0
0.0,0.980686695,0.28900000000000003,1.0,1.0,712.0
0.117647059,0.821228128,0.28800000000000003,1.0,1.0,713.0
0.470588235,0.6348079670000001,0.28700000000000003,1.0,1.0,714.0
0.558823529,0.795587102,0.28600000000000003,1.0,1.0,715.0
0.161764706,0.81600088,0.28500000000000003,0.0,1.0,716.0
0.294117647,0.806977,0.28400000000000003,1.0,1.0,717.0
0.161764706,0.938923737,0.28300000000000003,1.0,1.0,718.0
0.294117647,0.7647188290000001,0.28200000000000003,0.0,1.0,719.0
0.294117647,0.847529438,0.281,1.0,1.0,720.0
0.117647059,0.9751843290000001,0.28,1.0,1.0,721.0
0.029411765,0.938153406,0.279,0.0,1.0,722.0
0.117647059,0.974854187,0.278,1.0,1.0,723.0
0.161764706,0.929459668,0.277,1.0,1.0,724.0
0.20588235300000002,0.800704303,0.276,0.0,1.0,725.0
0.117647059,0.971992957,0.275,1.0,1.0,726.0
0.33823529399999996,0.875096291,0.274,1.0,1.0,727.0
0.117647059,0.970012105,0.273,0.0,1.0,728.0
0.0,0.8277759440000001,0.272,0.0,1.0,729.0
0.20588235300000002,0.907670298,0.271,1.0,1.0,730.0
0.470588235,0.225927149,0.27,0.0,1.0,731.0
0.088235294,0.899911962,0.269,1.0,1.0,732.0
0.073529412,0.9885550790000001,0.268,1.0,1.0,733.0
0.073529412,0.9048090679999999,0.267,1.0,1.0,734.0
0.117647059,0.94272037,0.266,0.0,1.0,735.0
0.558823529,0.667712116,0.265,1.0,1.0,736.0
0.073529412,0.902057885,0.264,1.0,1.0,737.0
0.470588235,0.503631562,0.263,1.0,1.0,738.0
0.117647059,0.896995708,0.262,0.0,1.0,739.0
0.8235294120000001,0.60614064,0.261,1.0,1.0,740.0
0.117647059,0.8525365909999999,0.26,1.0,1.0,741.0
0.20588235300000002,0.80576648,0.259,0.0,1.0,742.0
0.470588235,0.581545064,0.258,1.0,1.0,743.0
0.029411765,0.977330252,0.257,0.0,1.0,744.0
0.25,0.923131947,0.256,0.0,1.0,745.0
0.117647059,0.92753384,0.255,1.0,1.0,746.0
0.20588235300000002,0.9600528229999999,0.254,1.0,1.0,747.0
0.735294118,0.136403654,0.253,0.0,1.0,748.0
0.073529412,0.8379553209999999,0.252,1.0,1.0,749.0
0.294117647,0.866072411,0.251,0.0,1.0,750.0
0.647058824,0.7176736,0.25,0.0,1.0,751.0
0.117647059,0.8719049190000001,0.249,0.0,1.0,752.0
0.20588235300000002,0.908495653,0.248,0.0,1.0,753.0
0.382352941,0.8954550459999999,0.247,1.0,1.0,754.0
0.20588235300000002,0.946792121,0.246,0.0,1.0,755.0
0.294117647,0.730274018,0.245,1.0,1.0,756.0
0.647058824,0.0,0.244,1.0,1.0,757.0
0.117647059,0.9030483109999999,0.243,0.0,1.0,758.0
0.029411765,0.989105315,0.242,1.0,1.0,759.0
0.117647059,0.8970507320000001,0.241,1.0,1.0,760.0
0.117647059,0.9361725540000001,0.24,1.0,1.0,761.0
0.20588235300000002,0.9309453059999999,0.239,1.0,1.0,762.0
0.029411765,0.89732585,0.238,0.0,1.0,763.0
0.029411765,0.976780015,0.237,0.0,1.0,764.0
0.073529412,0.932430945,0.236,1.0,1.0,765.0
0.161764706,0.885715858,0.235,1.0,1.0,766.0
0.294117647,0.835809398,0.23399999999999999,1.0,1.0,767.0
0.470588235,0.782106306,0.23299999999999998,1.0,1.0,768.0
0.044117647,0.872014966,0.23199999999999998,0.0,1.0,769.0
0.147058824,0.96962694,0.23099999999999998,1.0,1.0,770.0
0.294117647,0.321613294,0.22999999999999998,0.0,1.0,771.0
0.382352941,0.857983933,0.22899999999999998,1.0,1.0,772.0
0.294117647,0.944536151,0.22799999999999998,1.0,1.0,773.0
0.294117647,0.6943985909999999,0.22699999999999998,1.0,1.0,774.0
0.117647059,0.9951028940000001,0.22599999999999998,0.0,1.0,775.0
0.117647059,0.91025641,0.22499999999999998,0.0,1.0,776.0
0.294117647,0.938043359,0.22399999999999998,1.0,1.0,777.0
0.294117647,0.93776824,0.22299999999999998,0.0,1.0,778.0
0.294117647,0.686750303,0.22199999999999998,0.0,1.0,779.0
0.602941176,0.7526136240000001,0.22099999999999997,1.0,1.0,780.0
0.294117647,0.9360074829999999,0.21999999999999997,1.0,1.0,781.0
0.117647059,0.9443160559999999,0.21899999999999997,1.0,1.0,782.0
0.294117647,0.93265104,0.21799999999999997,1.0,1.0,783.0
0.294117647,0.9294046440000001,0.21699999999999997,0.0,1.0,784.0
0.117647059,0.850390668,0.21599999999999997,1.0,1.0,785.0
0.20588235300000002,0.842962474,0.21499999999999997,1.0,1.0,786.0
0.117647059,0.9716077909999999,0.21399999999999997,0.0,1.0,787.0
0.161764706,0.7593815340000001,0.21299999999999997,0.0,1.0,788.0
0.029411765,0.929129526,0.21199999999999997,0.0,1.0,789.0
0.470588235,0.48706944,0.21099999999999997,1.0,1.0,790.0
0.294117647,0.661439419,0.20999999999999996,1.0,1.0,791.0
0.20588235300000002,0.608011445,0.20899999999999996,0.0,1.0,797.0
0.20588235300000002,0.816220975,0.20799999999999996,0.0,1.0,798.0
0.352941176,0.793331132,0.20699999999999996,0.0,1.0,800.0
0.558823529,0.502971278,0.20599999999999996,0.0,1.0,801.0
0.117647059,0.9398041159999999,0.20499999999999996,0.0,1.0,804.0
0.117647059,0.895950259,0.20399999999999996,0.0,1.0,805.0
0.073529412,0.8972158029999999,0.20299999999999996,0.0,1.0,806.0
0.073529412,0.9702872240000001,0.20199999999999996,0.0,1.0,808.0
0.20588235300000002,0.9533399359999999,0.20099999999999996,0.0,1.0,813.0
0.382352941,0.8213931990000001,0.19999999999999996,1.0,1.0,792.0
0.294117647,0.9071200620000001,0.19899999999999995,1.0,1.0,793.0
0.647058824,0.220259712,0.19799999999999995,1.0,1.0,794.0
0.294117647,0.9015626720000001,0.19699999999999995,1.0,1.0,795.0
0.117647059,0.94948828,0.19599999999999995,1.0,1.0,796.0
0.088235294,0.8921536259999999,0.19499999999999995,1.0,1.0,799.0
0.073529412,0.946406955,0.19399999999999995,1.0,1.0,802.0
0.647058824,0.747221305,0.19299999999999995,1.0,1.0,803.0
0.073529412,0.977770441,0.19199999999999995,1.0,1.0,807.0
0.294117647,0.537911302,0.19099999999999995,1.0,1.0,809.0
0.073529412,0.881368989,0.18999999999999995,1.0,1.0,810.0
0.20588235300000002,0.9564212609999999,0.18899999999999995,1.0,1.0,811.0
0.25,0.8259051390000001,0.18799999999999994,1.0,1.0,812.0
0.029411765,0.962473864,0.18700000000000006,1.0,1.0,814.0
0.088235294,0.611643006,0.18600000000000005,0.0,1.0,815.0
0.058823529000000006,0.971937933,0.18500000000000005,0.0,1.0,816.0
0.294117647,0.652360515,0.18400000000000005,1.0,1.0,817.0
0.20588235300000002,0.946847144,0.18300000000000005,1.0,1.0,818.0
0.20588235300000002,0.945251458,0.18200000000000005,1.0,1.0,819.0
0.161764706,0.8180917790000001,0.18100000000000005,1.0,1.0,820.0
0.117647059,0.816220975,0.18000000000000005,1.0,1.0,821.0
0.470588235,0.7959172440000001,0.17900000000000005,1.0,1.0,822.0
0.073529412,0.940189281,0.17800000000000005,1.0,1.0,823.0
0.294117647,0.84290745,0.17700000000000005,1.0,1.0,824.0
0.33823529399999996,0.798338285,0.17600000000000005,0.0,1.0,825.0
0.073529412,0.896225377,0.17500000000000004,1.0,1.0,826.0
0.117647059,0.891933531,0.17400000000000004,1.0,1.0,827.0
0.294117647,0.839826125,0.17300000000000004,1.0,1.0,828.0
0.117647059,0.932100803,0.17200000000000004,1.0,1.0,829.0
0.294117647,0.588918235,0.17100000000000004,1.0,1.0,830.0
0.647058824,0.151425113,0.17000000000000004,1.0,1.0,831.0
0.161764706,0.7959172440000001,0.16900000000000004,1.0,1.0,832.0
0.20588235300000002,0.914273137,0.16800000000000004,1.0,1.0,833.0
0.20588235300000002,0.8278859909999999,0.16700000000000004,1.0,1.0,834.0
0.647058824,0.344172994,0.16600000000000004,0.0,1.0,835.0
0.20588235300000002,0.907890393,0.16500000000000004,1.0,1.0,836.0
0.294117647,0.943215583,0.16400000000000003,1.0,1.0,837.0
0.161764706,0.9436007479999999,0.16300000000000003,1.0,1.0,838.0
0.20588235300000002,0.898206229,0.16200000000000003,0.0,1.0,839.0
0.029411765,0.94723231,0.16100000000000003,0.0,1.0,840.0
0.20588235300000002,0.8944095959999999,0.16000000000000003,1.0,1.0,841.0
0.029411765,0.945636624,0.15900000000000003,0.0,1.0,842.0
0.294117647,0.930340046,0.15800000000000003,0.0,1.0,843.0
0.161764706,0.937493122,0.15700000000000003,0.0,1.0,844.0
0.117647059,0.856443271,0.15600000000000003,0.0,1.0,845.0
0.117647059,0.9785957959999999,0.15500000000000003,1.0,1.0,846.0
0.117647059,0.8942995490000001,0.15400000000000003,1.0,1.0,847.0
0.117647059,0.9766699679999999,0.15300000000000002,1.0,1.0,848.0
0.073529412,0.9372180040000001,0.15200000000000002,1.0,1.0,849.0
0.117647059,0.975404424,0.15100000000000002,0.0,1.0,850.0
0.161764706,0.930450094,0.15000000000000002,1.0,1.0,851.0
0.044117647,0.8808737759999999,0.14900000000000002,1.0,1.0,852.0
0.117647059,0.971057555,0.14800000000000002,1.0,1.0,853.0
0.073529412,0.972763288,0.14700000000000002,1.0,1.0,854.0
0.161764706,0.75751073,0.14600000000000002,1.0,1.0,855.0
0.647058824,0.312259271,0.14500000000000002,0.0,1.0,856.0
0.117647059,0.965004952,0.14400000000000002,1.0,1.0,857.0
0.117647059,0.9642346209999999,0.14300000000000002,1.0,1.0,858.0
0.117647059,0.9164740840000001,0.14200000000000002,1.0,1.0,859.0
0.20588235300000002,0.867448003,0.14100000000000001,1.0,1.0,860.0
0.117647059,0.871959943,0.14,0.0,1.0,861.0
0.161764706,0.868988665,0.139,1.0,1.0,862.0
0.117647059,0.8240893579999999,0.138,0.0,1.0,863.0
0.088235294,0.935732365,0.137,0.0,1.0,864.0
0.117647059,0.817156377,0.136,1.0,1.0,865.0
0.088235294,0.9286893359999999,0.135,1.0,1.0,866.0
0.088235294,0.92588313,0.134,0.0,1.0,868.0
0.117647059,0.927148674,0.133,0.0,1.0,877.0
0.470588235,0.804445912,0.132,0.0,1.0,881.0
0.20588235300000002,0.906954991,0.131,0.0,1.0,891.0
0.294117647,0.940409376,0.13,0.0,1.0,893.0
0.117647059,0.978540773,0.129,0.0,1.0,898.0
0.161764706,0.933476395,0.128,0.0,1.0,899.0
0.117647059,0.9751843290000001,0.127,0.0,1.0,901.0
0.6323529410000001,0.423792231,0.126,0.0,1.0,908.0
0.044117647,0.88560581,0.125,0.0,1.0,909.0
0.20588235300000002,0.845988775,0.124,0.0,1.0,911.0
0.117647059,0.90800044,0.123,0.0,1.0,918.0
0.117647059,0.817596567,0.122,0.0,1.0,920.0
0.117647059,0.8876416859999999,0.121,0.0,1.0,925.0
0.294117647,0.8003741609999999,0.12,0.0,1.0,930.0
0.029411765,0.938153406,0.119,0.0,1.0,931.0
0.117647059,0.9628040059999999,0.118,0.0,1.0,940.0
0.470588235,0.14124573599999998,0.11699999999999999,0.0,1.0,943.0
0.20588235300000002,0.29976890100000003,0.11599999999999999,0.0,1.0,947.0
0.294117647,0.635633322,0.11499999999999999,0.0,1.0,953.0
0.088235294,0.796467481,0.11399999999999999,0.0,1.0,954.0
0.25,0.871794872,0.11299999999999999,0.0,1.0,958.0
0.029411765,0.947507428,0.11199999999999999,0.0,1.0,962.0
0.294117647,0.889677561,0.11099999999999999,0.0,1.0,968.0
0.029411765,0.955981072,0.10999999999999999,0.0,1.0,976.0
0.117647059,0.9436557720000001,0.10899999999999999,0.0,1.0,978.0
0.161764706,0.912237262,0.10799999999999998,0.0,1.0,982.0
0.20588235300000002,0.9294046440000001,0.10699999999999998,0.0,1.0,990.0
0.073529412,0.928524265,0.10599999999999998,0.0,1.0,991.0
0.117647059,0.657862881,0.10499999999999998,0.0,1.0,992.0
0.382352941,0.601903819,0.10399999999999998,0.0,1.0,996.0
0.0,0.931550567,0.10299999999999998,1.0,1.0,867.0
0.029411765,0.900242104,0.10199999999999998,1.0,1.0,869.0
0.294117647,0.843622758,0.10099999999999998,1.0,1.0,870.0
0.029411765,0.981291956,0.09999999999999998,1.0,1.0,871.0
0.382352941,0.9193903379999999,0.09899999999999998,1.0,1.0,872.0
0.073529412,0.93551227,0.09799999999999998,1.0,1.0,873.0
0.117647059,0.93160559,0.09699999999999998,1.0,1.0,874.0
0.117647059,0.92934962,0.09599999999999997,1.0,1.0,875.0
0.20588235300000002,0.966105425,0.09499999999999997,1.0,1.0,876.0
0.117647059,0.672664246,0.09399999999999997,1.0,1.0,878.0
0.382352941,0.7799603829999999,0.09299999999999997,1.0,1.0,879.0
0.20588235300000002,0.820677891,0.09199999999999997,1.0,1.0,880.0
0.20588235300000002,0.8561681520000001,0.09099999999999997,1.0,1.0,882.0
0.117647059,0.902167932,0.08999999999999997,1.0,1.0,883.0
0.382352941,0.802905249,0.08899999999999997,1.0,1.0,884.0
0.117647059,0.899691868,0.08799999999999997,1.0,1.0,885.0
0.073529412,0.937383075,0.08699999999999997,1.0,1.0,886.0
0.470588235,0.405524375,0.08599999999999997,1.0,1.0,887.0
0.058823529000000006,0.93595246,0.08499999999999996,1.0,1.0,888.0
0.161764706,0.829811819,0.08399999999999996,1.0,1.0,889.0
0.294117647,0.945031363,0.08299999999999996,1.0,1.0,890.0
0.294117647,0.90018708,0.08199999999999996,1.0,1.0,892.0
0.117647059,0.9500385170000001,0.08099999999999996,1.0,1.0,894.0
0.382352941,0.7257620779999999,0.07999999999999996,1.0,1.0,895.0
0.294117647,0.854407395,0.07899999999999996,1.0,1.0,896.0
0.33823529399999996,0.7647188290000001,0.07799999999999996,1.0,1.0,897.0
0.25,0.8861560470000001,0.07699999999999996,1.0,1.0,900.0
0.117647059,0.9737537140000001,0.07599999999999996,1.0,1.0,902.0
0.029411765,0.928854407,0.07499999999999996,1.0,1.0,903.0
0.058823529000000006,0.963849455,0.07399999999999995,1.0,1.0,904.0
0.117647059,0.94618686,0.07299999999999995,1.0,1.0,905.0
0.470588235,0.794211511,0.07199999999999995,1.0,1.0,906.0
0.029411765,0.9852536590000001,0.07099999999999995,1.0,1.0,907.0
0.294117647,0.883955101,0.06999999999999995,1.0,1.0,910.0
0.161764706,0.636843843,0.06899999999999995,1.0,1.0,912.0
0.470588235,0.69197755,0.06799999999999995,1.0,1.0,913.0
0.20588235300000002,0.955705954,0.06699999999999995,1.0,1.0,914.0
0.161764706,0.9159238470000001,0.06599999999999995,1.0,1.0,915.0
0.20588235300000002,0.9517992740000001,0.06499999999999995,1.0,1.0,916.0
0.117647059,0.9114119070000001,0.06399999999999995,1.0,1.0,917.0
0.20588235300000002,0.942500275,0.06299999999999994,1.0,1.0,919.0
0.088235294,0.930064928,0.062000000000000055,1.0,1.0,921.0
0.117647059,0.940519423,0.061000000000000054,1.0,1.0,922.0
0.20588235300000002,0.76097722,0.06000000000000005,1.0,1.0,923.0
0.117647059,0.8478045559999999,0.05900000000000005,1.0,1.0,924.0
0.161764706,0.955816001,0.05800000000000005,1.0,1.0,926.0
0.029411765,0.962528887,0.05700000000000005,1.0,1.0,927.0
0.294117647,0.9451964340000001,0.05600000000000005,1.0,1.0,928.0
0.470588235,0.749917465,0.05500000000000005,1.0,1.0,929.0
0.294117647,0.9224716629999999,0.05400000000000005,1.0,1.0,932.0
0.117647059,0.972983383,0.05300000000000005,1.0,1.0,933.0
0.117647059,0.971772862,0.052000000000000046,1.0,1.0,934.0
0.029411765,0.976174755,0.051000000000000045,1.0,1.0,935.0
0.132352941,0.9148783979999999,0.050000000000000044,1.0,1.0,936.0
0.029411765,0.97474414,0.049000000000000044,1.0,1.0,937.0
0.294117647,0.666336525,0.04800000000000004,1.0,1.0,938.0
0.294117647,0.913447783,0.04700000000000004,1.0,1.0,939.0
0.25,0.829041488,0.04600000000000004,1.0,1.0,941.0
0.117647059,0.9583470890000001,0.04500000000000004,1.0,1.0,942.0
0.20588235300000002,0.933806537,0.04400000000000004,1.0,1.0,944.0
0.294117647,0.8853857159999999,0.04300000000000004,1.0,1.0,945.0
0.117647059,0.9313304720000001,0.04200000000000004,1.0,1.0,946.0
0.073529412,0.963244195,0.041000000000000036,1.0,1.0,948.0
0.294117647,0.866347529,0.040000000000000036,1.0,1.0,949.0
0.088235294,0.9436007479999999,0.039000000000000035,1.0,1.0,950.0
0.029411765,0.98993067,0.038000000000000034,1.0,1.0,951.0
0.117647059,0.8955100690000001,0.03700000000000003,1.0,1.0,952.0
0.117647059,0.847749532,0.03600000000000003,1.0,1.0,955.0
0.470588235,0.409926268,0.03500000000000003,1.0,1.0,956.0
0.294117647,0.7105205240000001,0.03400000000000003,1.0,1.0,957.0
0.073529412,0.921866403,0.03300000000000003,1.0,1.0,959.0
0.294117647,0.9476724990000001,0.03200000000000003,1.0,1.0,960.0
0.470588235,0.882579509,0.031000000000000028,1.0,1.0,961.0
0.117647059,0.942500275,0.030000000000000027,1.0,1.0,963.0
0.029411765,0.939363926,0.029000000000000026,1.0,1.0,964.0
0.33823529399999996,0.874656102,0.028000000000000025,1.0,1.0,965.0
0.117647059,0.967756135,0.027000000000000024,1.0,1.0,966.0
0.117647059,0.942830417,0.026000000000000023,1.0,1.0,967.0
0.117647059,0.93265104,0.025000000000000022,1.0,1.0,969.0
0.20588235300000002,0.951524155,0.02400000000000002,1.0,1.0,970.0
0.294117647,0.841917024,0.02300000000000002,1.0,1.0,971.0
0.294117647,0.840486409,0.02200000000000002,1.0,1.0,972.0
0.161764706,0.965665236,0.02100000000000002,1.0,1.0,973.0
0.470588235,0.516672169,0.020000000000000018,1.0,1.0,974.0
0.382352941,0.35358204,0.019000000000000017,1.0,1.0,975.0
0.20588235300000002,0.900902388,0.018000000000000016,1.0,1.0,977.0
0.161764706,0.93430175,0.017000000000000015,1.0,1.0,979.0
0.20588235300000002,0.8823043909999999,0.016000000000000014,1.0,1.0,980.0
0.294117647,0.9176295809999999,0.015000000000000013,1.0,1.0,981.0
0.294117647,0.651755255,0.014000000000000012,1.0,1.0,983.0
0.029411765,0.988775173,0.013000000000000012,1.0,1.0,984.0
0.117647059,0.940574447,0.01200000000000001,1.0,1.0,985.0
0.102941176,0.9269836029999999,0.01100000000000001,1.0,1.0,986.0
0.117647059,0.911521954,0.010000000000000009,1.0,1.0,987.0
0.029411765,0.9948828000000002,0.009000000000000008,1.0,1.0,988.0
0.117647059,0.903983713,0.008000000000000007,1.0,1.0,989.0
0.117647059,0.979366127,0.007000000000000006,1.0,1.0,993.0
0.117647059,0.602619126,0.006000000000000005,1.0,1.0,994.0
0.117647059,0.871849895,0.0050000000000000044,1.0,1.0,995.0
0.117647059,0.980246506,0.0040000000000000036,1.0,1.0,997.0
0.20588235300000002,0.97248817,0.0030000000000000027,1.0,1.0,998.0
0.20588235300000002,0.877682403,0.0020000000000000018,1.0,1.0,999.0
0.029411765,0.212886541,0.0010000000000000009,1.0,1.0,1000.0
